0	1	60
5000.000000000000	0.000000000000	0.000000000000	0.000000000000	11744.719700000000	-2797.413820000000
0.000000000000	5000.000000000000	0.000000000000	-11744.719700000000	0.000000000000	4943.176760000000
0.000000000000	0.000000000000	5000.000000000000	2797.413820000000	-4943.176760000000	0.000000000000
0.000000000000	-11744.719700000000	2797.413820000000	30446.507799999999	-2776.037600000000	-11673.271500000001
11744.719700000000	0.000000000000	-4943.176760000000	-2776.037600000000	33166.312500000000	-6371.289550000000
-2797.413820000000	4943.176760000000	0.000000000000	-11673.271500000001	-6371.289550000000	7775.080080000000
0	51	60
2979.000000000000	0.000000000000	0.000000000000	0.000000000000	6396.876950000000	-533.427246000000
0.000000000000	2979.000000000000	0.000000000000	-6396.876950000000	0.000000000000	-1444.490600000000
0.000000000000	0.000000000000	2979.000000000000	533.427246000000	1444.490600000000	0.000000000000
0.000000000000	-6396.876950000000	533.427246000000	14250.647499999999	-57.106777200000	3136.998290000000
6396.876950000000	0.000000000000	1444.490600000000	-57.106777200000	14858.997100000001	-1090.261840000000
-533.427246000000	-1444.490600000000	0.000000000000	3136.998290000000	-1090.261840000000	1560.083860000000
0	52	60
2661.000000000000	0.000000000000	0.000000000000	0.000000000000	5816.492680000000	-584.606140000000
0.000000000000	2661.000000000000	0.000000000000	-5816.492680000000	0.000000000000	-787.296387000000
0.000000000000	0.000000000000	2661.000000000000	584.606140000000	787.296387000000	0.000000000000
0.000000000000	-5816.492680000000	584.606140000000	13082.170899999999	80.063026400000	1734.379270000000
5816.492680000000	0.000000000000	787.296387000000	80.063026400000	13171.298800000000	-1218.210330000000
-584.606140000000	-787.296387000000	0.000000000000	1734.379270000000	-1218.210330000000	727.018494000000
0	53	60
3315.000000000000	0.000000000000	0.000000000000	0.000000000000	7130.675780000000	-873.828247000000
0.000000000000	3315.000000000000	0.000000000000	-7130.675780000000	0.000000000000	-890.250854000000
0.000000000000	0.000000000000	3315.000000000000	873.828247000000	890.250854000000	0.000000000000
0.000000000000	-7130.675780000000	873.828247000000	15745.631799999999	185.145950000000	1888.727660000000
7130.675780000000	0.000000000000	890.250854000000	185.145950000000	15844.120100000000	-1852.566040000000
-873.828247000000	-890.250854000000	0.000000000000	1888.727660000000	-1852.566040000000	826.064941000000
0	54	60
5000.000000000000	0.000000000000	0.000000000000	0.000000000000	10943.389600000000	-712.672913000000
0.000000000000	5000.000000000000	0.000000000000	-10943.389600000000	0.000000000000	-1822.421630000000
0.000000000000	0.000000000000	5000.000000000000	712.672913000000	1822.421630000000	0.000000000000
0.000000000000	-10943.389600000000	712.672913000000	24427.335899999998	50.606960300000	3944.555180000000
10943.389600000000	0.000000000000	1822.421630000000	50.606960300000	25262.443400000000	-1483.576540000000
-712.672913000000	-1822.421630000000	0.000000000000	3944.555180000000	-1483.576540000000	1582.764400000000
0	55	60
3722.000000000000	0.000000000000	0.000000000000	0.000000000000	8327.467769999999	814.830566000000
0.000000000000	3722.000000000000	0.000000000000	-8327.467769999999	0.000000000000	-1751.748170000000
0.000000000000	0.000000000000	3722.000000000000	-814.830566000000	1751.748170000000	0.000000000000
0.000000000000	-8327.467769999999	-814.830566000000	19213.132799999999	-306.051697000000	3825.979000000000
8327.467769999999	0.000000000000	1751.748170000000	-306.051697000000	19988.070299999999	1866.129640000000
814.830566000000	-1751.748170000000	0.000000000000	3825.979000000000	1866.129640000000	1779.816770000000
0	56	60
2640.000000000000	0.000000000000	0.000000000000	0.000000000000	6067.018070000000	1160.746950000000
0.000000000000	2640.000000000000	0.000000000000	-6067.018070000000	0.000000000000	-1122.629030000000
0.000000000000	0.000000000000	2640.000000000000	-1160.746950000000	1122.629030000000	0.000000000000
0.000000000000	-6067.018070000000	-1160.746950000000	14753.332000000000	-288.174408000000	2501.759520000000
6067.018070000000	0.000000000000	1122.629030000000	-288.174408000000	14853.627899999999	2701.519780000000
1160.746950000000	-1122.629030000000	0.000000000000	2501.759520000000	2701.519780000000	1612.396850000000
0	57	60
3345.000000000000	0.000000000000	0.000000000000	0.000000000000	7633.316890000000	1229.259520000000
0.000000000000	3345.000000000000	0.000000000000	-7633.316890000000	0.000000000000	-1373.934200000000
0.000000000000	0.000000000000	3345.000000000000	-1229.259520000000	1373.934200000000	0.000000000000
0.000000000000	-7633.316890000000	-1229.259520000000	18310.851600000002	-319.803192000000	3045.980960000000
7633.316890000000	0.000000000000	1373.934200000000	-319.803192000000	18454.744100000000	2871.564700000000
1229.259520000000	-1373.934200000000	0.000000000000	3045.980960000000	2871.564700000000	1777.966310000000
0	58	60
4717.000000000000	0.000000000000	0.000000000000	0.000000000000	10655.951200000000	808.757141000000
0.000000000000	4717.000000000000	0.000000000000	-10655.951200000000	0.000000000000	-1570.993900000000
0.000000000000	0.000000000000	4717.000000000000	-808.757141000000	1570.993900000000	0.000000000000
0.000000000000	-10655.951200000000	-808.757141000000	25069.529299999998	-119.004929000000	3462.091800000000
10655.951200000000	0.000000000000	1570.993900000000	-119.004929000000	25162.750000000000	1945.008060000000
808.757141000000	-1570.993900000000	0.000000000000	3462.091800000000	1945.008060000000	1895.612060000000
0	59	60
3234.000000000000	0.000000000000	0.000000000000	0.000000000000	7079.021970000000	-141.059082000000
0.000000000000	3234.000000000000	0.000000000000	-7079.021970000000	0.000000000000	-1639.176150000000
0.000000000000	0.000000000000	3234.000000000000	141.059082000000	1639.176150000000	0.000000000000
0.000000000000	-7079.021970000000	141.059082000000	15887.093800000001	-64.390998800000	3639.552730000000
7079.021970000000	0.000000000000	1639.176150000000	-64.390998800000	16648.285199999998	-219.232864000000
-141.059082000000	-1639.176150000000	0.000000000000	3639.552730000000	-219.232864000000	1319.384890000000
1	3	60
4899.000000000000	0.000000000000	0.000000000000	0.000000000000	11920.683600000000	68.881134000000
0.000000000000	4899.000000000000	0.000000000000	-11920.683600000000	0.000000000000	5179.572750000000
0.000000000000	0.000000000000	4899.000000000000	-68.881134000000	-5179.572750000000	0.000000000000
0.000000000000	-11920.683600000000	-68.881134000000	30775.496100000000	468.578369000000	-13177.147499999999
11920.683600000000	0.000000000000	-5179.572750000000	468.578369000000	36129.183599999997	714.890869000000
68.881134000000	5179.572750000000	0.000000000000	-13177.147499999999	714.890869000000	6765.265630000000
1	4	60
4587.000000000000	0.000000000000	0.000000000000	0.000000000000	9944.355470000000	-883.273254000000
0.000000000000	4587.000000000000	0.000000000000	-9944.355470000000	0.000000000000	3927.578370000000
0.000000000000	0.000000000000	4587.000000000000	883.273254000000	-3927.578370000000	0.000000000000
0.000000000000	-9944.355470000000	883.273254000000	23049.581999999999	25.667610200000	-9241.850590000000
9944.355470000000	0.000000000000	-3927.578370000000	25.667610200000	26890.218799999999	-1437.807010000000
-883.273254000000	3927.578370000000	0.000000000000	-9241.850590000000	-1437.807010000000	5485.171880000000
1	5	60
5000.000000000000	0.000000000000	0.000000000000	0.000000000000	12761.249000000000	613.461609000000
0.000000000000	5000.000000000000	0.000000000000	-12761.249000000000	0.000000000000	5147.336910000000
0.000000000000	0.000000000000	5000.000000000000	-613.461609000000	-5147.336910000000	0.000000000000
0.000000000000	-12761.249000000000	-613.461609000000	34690.300799999997	1067.498170000000	-13694.456099999999
12761.249000000000	0.000000000000	-5147.336910000000	1067.498170000000	39577.195299999999	2143.575440000000
613.461609000000	5147.336910000000	0.000000000000	-13694.456099999999	2143.575440000000	6782.777830000000
1	6	60
5000.000000000000	0.000000000000	0.000000000000	0.000000000000	13868.088900000001	2114.518070000000
0.000000000000	5000.000000000000	0.000000000000	-13868.088900000001	0.000000000000	5662.895510000000
0.000000000000	0.000000000000	5000.000000000000	-2114.518070000000	-5662.895510000000	0.000000000000
0.000000000000	-13868.088900000001	-2114.518070000000	40625.894500000002	2357.320800000000	-15619.618200000001
13868.088900000001	0.000000000000	-5662.895510000000	2357.320800000000	45242.796900000001	6059.635250000000
2114.518070000000	5662.895510000000	0.000000000000	-15619.618200000001	6059.635250000000	8329.153319999999
1	7	60
5000.000000000000	0.000000000000	0.000000000000	0.000000000000	14407.621100000000	668.434387000000
0.000000000000	5000.000000000000	0.000000000000	-14407.621100000000	0.000000000000	4620.889650000000
0.000000000000	0.000000000000	5000.000000000000	-668.434387000000	-4620.889650000000	0.000000000000
0.000000000000	-14407.621100000000	-668.434387000000	44100.140599999999	858.039307000000	-13440.186500000000
14407.621100000000	0.000000000000	-4620.889650000000	858.039307000000	47427.417999999998	2271.799070000000
668.434387000000	4620.889650000000	0.000000000000	-13440.186500000000	2271.799070000000	5764.942380000000
1	8	60
5000.000000000000	0.000000000000	0.000000000000	0.000000000000	15316.314500000000	-204.924149000000
0.000000000000	5000.000000000000	0.000000000000	-15316.314500000000	0.000000000000	4341.189450000000
0.000000000000	0.000000000000	5000.000000000000	204.924149000000	-4341.189450000000	0.000000000000
0.000000000000	-15316.314500000000	204.924149000000	48415.242200000001	89.860496500000	-12942.150400000000
15316.314500000000	0.000000000000	-4341.189450000000	89.860496500000	51823.367200000001	-695.721375000000
-204.924149000000	4341.189450000000	0.000000000000	-12942.150400000000	-695.721375000000	5065.453610000000
1	37	60
5000.000000000000	0.000000000000	0.000000000000	0.000000000000	16312.120100000000	-446.291656000000
0.000000000000	5000.000000000000	0.000000000000	-16312.120100000000	0.000000000000	4245.980470000000
0.000000000000	0.000000000000	5000.000000000000	446.291656000000	-4245.980470000000	0.000000000000
0.000000000000	-16312.120100000000	446.291656000000	53900.339800000002	-392.593689000000	-13732.123000000000
16312.120100000000	0.000000000000	-4245.980470000000	-392.593689000000	57124.167999999998	-1460.239620000000
-446.291656000000	4245.980470000000	0.000000000000	-13732.123000000000	-1460.239620000000	4203.527830000000
1	38	60
5000.000000000000	0.000000000000	0.000000000000	0.000000000000	13086.622100000001	-357.322968000000
0.000000000000	5000.000000000000	0.000000000000	-13086.622100000001	0.000000000000	4443.027340000000
0.000000000000	0.000000000000	5000.000000000000	357.322968000000	-4443.027340000000	0.000000000000
0.000000000000	-13086.622100000001	357.322968000000	36837.882799999999	-10.970220600000	-12154.532200000000
13086.622100000001	0.000000000000	-4443.027340000000	-10.970220600000	40609.136700000003	-311.011536000000
-357.322968000000	4443.027340000000	0.000000000000	-12154.532200000000	-311.011536000000	5018.866210000000
1	46	60
3126.000000000000	0.000000000000	0.000000000000	0.000000000000	6741.898440000000	-474.549683000000
0.000000000000	3126.000000000000	0.000000000000	-6741.898440000000	0.000000000000	2673.573490000000
0.000000000000	0.000000000000	3126.000000000000	474.549683000000	-2673.573490000000	0.000000000000
0.000000000000	-6741.898440000000	474.549683000000	15765.753900000000	-86.380683900000	-6240.578130000000
6741.898440000000	0.000000000000	-2673.573490000000	-86.380683900000	18020.691400000000	-625.940002000000
-474.549683000000	2673.573490000000	0.000000000000	-6240.578130000000	-625.940002000000	3360.165280000000
2	3	60
5000.000000000000	0.000000000000	0.000000000000	0.000000000000	10198.294900000001	315.046570000000
0.000000000000	5000.000000000000	0.000000000000	-10198.294900000001	0.000000000000	2120.171630000000
0.000000000000	0.000000000000	5000.000000000000	-315.046570000000	-2120.171630000000	0.000000000000
0.000000000000	-10198.294900000001	-315.046570000000	23783.146499999999	602.293457000000	-4844.102050000000
10198.294900000001	0.000000000000	-2120.171630000000	602.293457000000	24421.712899999999	1813.650760000000
315.046570000000	2120.171630000000	0.000000000000	-4844.102050000000	1813.650760000000	3339.638920000000
2	4	60
5000.000000000000	0.000000000000	0.000000000000	0.000000000000	10211.079100000001	-172.695694000000
0.000000000000	5000.000000000000	0.000000000000	-10211.079100000001	0.000000000000	2319.036130000000
0.000000000000	0.000000000000	5000.000000000000	172.695694000000	-2319.036130000000	0.000000000000
0.000000000000	-10211.079100000001	172.695694000000	23308.972699999998	248.538559000000	-5119.230470000000
10211.079100000001	0.000000000000	-2319.036130000000	248.538559000000	24311.291000000001	622.765259000000
-172.695694000000	2319.036130000000	0.000000000000	-5119.230470000000	622.765259000000	2913.546140000000
2	6	60
5000.000000000000	0.000000000000	0.000000000000	0.000000000000	12671.984399999999	1440.205930000000
0.000000000000	5000.000000000000	0.000000000000	-12671.984399999999	0.000000000000	2895.898680000000
0.000000000000	0.000000000000	5000.000000000000	-1440.205930000000	-2895.898680000000	0.000000000000
0.000000000000	-12671.984399999999	-1440.205930000000	34000.773399999998	690.188293000000	-6920.194340000000
12671.984399999999	0.000000000000	-2895.898680000000	690.188293000000	35337.062500000000	3933.861570000000
1440.205930000000	2895.898680000000	0.000000000000	-6920.194340000000	3933.861570000000	3974.378660000000
2	9	60
5000.000000000000	0.000000000000	0.000000000000	0.000000000000	16012.636699999999	1563.460450000000
0.000000000000	5000.000000000000	0.000000000000	-16012.636699999999	0.000000000000	-5777.947750000000
0.000000000000	0.000000000000	5000.000000000000	-1563.460450000000	5777.947750000000	0.000000000000
0.000000000000	-16012.636699999999	-1563.460450000000	52559.324200000003	-1654.102050000000	18586.123000000000
16012.636699999999	0.000000000000	5777.947750000000	-1654.102050000000	58225.273399999998	4841.254390000000
1563.460450000000	-5777.947750000000	0.000000000000	18586.123000000000	4841.254390000000	8081.688960000000
2	36	60
5000.000000000000	0.000000000000	0.000000000000	0.000000000000	16002.892599999999	1388.987060000000
0.000000000000	5000.000000000000	0.000000000000	-16002.892599999999	0.000000000000	-5827.894530000000
0.000000000000	0.000000000000	5000.000000000000	-1388.987060000000	5827.894530000000	0.000000000000
0.000000000000	-16002.892599999999	-1388.987060000000	52666.429700000001	-1524.391600000000	18700.441400000000
16002.892599999999	0.000000000000	5827.894530000000	-1524.391600000000	58231.843800000002	4279.427250000000
1388.987060000000	-5827.894530000000	0.000000000000	18700.441400000000	4279.427250000000	8334.131840000000
2	37	60
5000.000000000000	0.000000000000	0.000000000000	0.000000000000	15914.346700000000	553.207153000000
0.000000000000	5000.000000000000	0.000000000000	-15914.346700000000	0.000000000000	-5302.120610000000
0.000000000000	0.000000000000	5000.000000000000	-553.207153000000	5302.120610000000	0.000000000000
0.000000000000	-15914.346700000000	-553.207153000000	51592.078099999999	-659.389221000000	17066.025399999999
15914.346700000000	0.000000000000	5302.120610000000	-659.389221000000	56898.882799999999	1725.753910000000
553.207153000000	-5302.120610000000	0.000000000000	17066.025399999999	1725.753910000000	6942.698730000000
2	38	60
5000.000000000000	0.000000000000	0.000000000000	0.000000000000	10749.884800000000	-1176.771240000000
0.000000000000	5000.000000000000	0.000000000000	-10749.884800000000	0.000000000000	1866.599000000000
0.000000000000	0.000000000000	5000.000000000000	1176.771240000000	-1866.599000000000	0.000000000000
0.000000000000	-10749.884800000000	1176.771240000000	25171.085899999998	-58.279136700000	-3549.495850000000
10749.884800000000	0.000000000000	-1866.599000000000	-58.279136700000	26278.681600000000	-2201.231200000000
-1176.771240000000	1866.599000000000	0.000000000000	-3549.495850000000	-2201.231200000000	3031.559080000000
2	39	60
5000.000000000000	0.000000000000	0.000000000000	0.000000000000	9848.627930000001	-393.582672000000
0.000000000000	5000.000000000000	0.000000000000	-9848.627930000001	0.000000000000	2948.643070000000
0.000000000000	0.000000000000	5000.000000000000	393.582672000000	-2948.643070000000	0.000000000000
0.000000000000	-9848.627930000001	393.582672000000	21761.224600000001	413.268890000000	-6264.859380000000
9848.627930000001	0.000000000000	-2948.643070000000	413.268890000000	23322.529299999998	21.892108900000
-393.582672000000	2948.643070000000	0.000000000000	-6264.859380000000	21.892108900000	4019.023930000000
2	40	60
5000.000000000000	0.000000000000	0.000000000000	0.000000000000	10018.620100000000	-853.239319000000
0.000000000000	5000.000000000000	0.000000000000	-10018.620100000000	0.000000000000	3090.223880000000
0.000000000000	0.000000000000	5000.000000000000	853.239319000000	-3090.223880000000	0.000000000000
0.000000000000	-10018.620100000000	853.239319000000	21920.386699999999	-121.122437000000	-6567.328610000000
10018.620100000000	0.000000000000	-3090.223880000000	-121.122437000000	23985.484400000001	-1090.916020000000
-853.239319000000	3090.223880000000	0.000000000000	-6567.328610000000	-1090.916020000000	3697.900390000000
2	41	60
5000.000000000000	0.000000000000	0.000000000000	0.000000000000	9037.390630000000	-1517.743770000000
0.000000000000	5000.000000000000	0.000000000000	-9037.390630000000	0.000000000000	2650.611570000000
0.000000000000	0.000000000000	5000.000000000000	1517.743770000000	-2650.611570000000	0.000000000000
0.000000000000	-9037.390630000000	1517.743770000000	17647.293000000001	-627.636536000000	-5070.589360000000
9037.390630000000	0.000000000000	-2650.611570000000	-627.636536000000	19319.919900000001	-2570.289060000000
-1517.743770000000	2650.611570000000	0.000000000000	-5070.589360000000	-2570.289060000000	3087.204350000000
2	45	60
4559.000000000000	0.000000000000	0.000000000000	0.000000000000	8177.102050000000	-946.810608000000
0.000000000000	4559.000000000000	0.000000000000	-8177.102050000000	0.000000000000	3135.535400000000
0.000000000000	0.000000000000	4559.000000000000	946.810608000000	-3135.535400000000	0.000000000000
0.000000000000	-8177.102050000000	946.810608000000	15819.236300000000	-330.932739000000	-6147.561520000000
8177.102050000000	0.000000000000	-3135.535400000000	-330.932739000000	18258.277300000002	-1387.985600000000
-946.810608000000	3135.535400000000	0.000000000000	-6147.561520000000	-1387.985600000000	3424.535890000000
2	46	60
5000.000000000000	0.000000000000	0.000000000000	0.000000000000	10100.031300000001	-324.511688000000
0.000000000000	5000.000000000000	0.000000000000	-10100.031300000001	0.000000000000	3209.427000000000
0.000000000000	0.000000000000	5000.000000000000	324.511688000000	-3209.427000000000	0.000000000000
0.000000000000	-10100.031300000001	324.511688000000	22813.056600000000	371.590179000000	-6847.582030000000
10100.031300000001	0.000000000000	-3209.427000000000	371.590179000000	24516.960899999998	161.945221000000
-324.511688000000	3209.427000000000	0.000000000000	-6847.582030000000	161.945221000000	4224.492680000000
2	47	60
5000.000000000000	0.000000000000	0.000000000000	0.000000000000	8983.279300000000	-1551.041500000000
0.000000000000	5000.000000000000	0.000000000000	-8983.279300000000	0.000000000000	2798.492430000000
0.000000000000	0.000000000000	5000.000000000000	1551.041500000000	-2798.492430000000	0.000000000000
0.000000000000	-8983.279300000000	1551.041500000000	17600.083999999999	-712.694519000000	-5226.340330000000
8983.279300000000	0.000000000000	-2798.492430000000	-712.694519000000	19266.892599999999	-2578.625730000000
-1551.041500000000	2798.492430000000	0.000000000000	-5226.340330000000	-2578.625730000000	3111.890630000000
2	49	60
5000.000000000000	0.000000000000	0.000000000000	0.000000000000	7960.531250000000	-1861.317140000000
0.000000000000	5000.000000000000	0.000000000000	-7960.531250000000	0.000000000000	1631.488650000000
0.000000000000	0.000000000000	5000.000000000000	1861.317140000000	-1631.488650000000	0.000000000000
0.000000000000	-7960.531250000000	1861.317140000000	13959.001000000000	-653.013977000000	-2609.430420000000
7960.531250000000	0.000000000000	-1631.488650000000	-653.013977000000	14430.212900000000	-2960.309330000000
-1861.317140000000	1631.488650000000	0.000000000000	-2609.430420000000	-2960.309330000000	2011.998660000000
3	8	60
5000.000000000000	0.000000000000	0.000000000000	0.000000000000	12579.910200000000	434.197998000000
0.000000000000	5000.000000000000	0.000000000000	-12579.910200000000	0.000000000000	-4993.930180000000
0.000000000000	0.000000000000	5000.000000000000	-434.197998000000	4993.930180000000	0.000000000000
0.000000000000	-12579.910200000000	-434.197998000000	32507.037100000001	-321.013580000000	12670.125000000000
12579.910200000000	0.000000000000	4993.930180000000	-321.013580000000	37034.093800000002	1099.119260000000
434.197998000000	-4993.930180000000	0.000000000000	12670.125000000000	1099.119260000000	5969.548340000000
3	45	60
5000.000000000000	0.000000000000	0.000000000000	0.000000000000	9783.257809999999	-298.751190000000
0.000000000000	5000.000000000000	0.000000000000	-9783.257809999999	0.000000000000	2207.787110000000
0.000000000000	0.000000000000	5000.000000000000	298.751190000000	-2207.787110000000	0.000000000000
0.000000000000	-9783.257809999999	298.751190000000	20869.328099999999	132.285721000000	-4513.105960000000
9783.257809999999	0.000000000000	-2207.787110000000	132.285721000000	21806.642599999999	-24.616924300000
-298.751190000000	2207.787110000000	0.000000000000	-4513.105960000000	-24.616924300000	1968.479370000000
3	48	60
3762.000000000000	0.000000000000	0.000000000000	0.000000000000	5968.624510000000	-1186.822020000000
0.000000000000	3762.000000000000	0.000000000000	-5968.624510000000	0.000000000000	50.663265200000
0.000000000000	0.000000000000	3762.000000000000	1186.822020000000	-50.663265200000	0.000000000000
0.000000000000	-5968.624510000000	1186.822020000000	10317.561500000000	-11.732527700000	-90.086982700000
5968.624510000000	0.000000000000	-50.663265200000	-11.732527700000	10534.640600000001	-1893.414430000000
-1186.822020000000	50.663265200000	0.000000000000	-90.086982700000	-1893.414430000000	1058.437260000000
3	49	60
5000.000000000000	0.000000000000	0.000000000000	0.000000000000	8406.970700000000	-1357.630130000000
0.000000000000	5000.000000000000	0.000000000000	-8406.970700000000	0.000000000000	755.064270000000
0.000000000000	0.000000000000	5000.000000000000	1357.630130000000	-755.064270000000	0.000000000000
0.000000000000	-8406.970700000000	1357.630130000000	15367.149400000000	-55.559997600000	-1265.171260000000
8406.970700000000	0.000000000000	-755.064270000000	-55.559997600000	15909.534200000000	-2307.068850000000
-1357.630130000000	755.064270000000	0.000000000000	-1265.171260000000	-2307.068850000000	1550.956670000000
4	8	60
3556.000000000000	0.000000000000	0.000000000000	0.000000000000	8885.078130000000	1699.066280000000
0.000000000000	3556.000000000000	0.000000000000	-8885.078130000000	0.000000000000	-4358.130370000000
0.000000000000	0.000000000000	3556.000000000000	-1699.066280000000	4358.130370000000	0.000000000000
0.000000000000	-8885.078130000000	-1699.066280000000	23612.517599999999	-2156.747310000000	10924.941400000000
8885.078130000000	0.000000000000	4358.130370000000	-2156.747310000000	27708.873000000000	4317.427250000000
1699.066280000000	-4358.130370000000	0.000000000000	10924.941400000000	4317.427250000000	6781.291500000000
4	30	60
3443.000000000000	0.000000000000	0.000000000000	0.000000000000	6485.799800000000	-535.357361000000
0.000000000000	3443.000000000000	0.000000000000	-6485.799800000000	0.000000000000	1355.497800000000
0.000000000000	0.000000000000	3443.000000000000	535.357361000000	-1355.497800000000	0.000000000000
0.000000000000	-6485.799800000000	535.357361000000	12790.953100000001	-42.601730300000	-2581.947750000000
6485.799800000000	0.000000000000	-1355.497800000000	-42.601730300000	13095.614299999999	-921.442627000000
-535.357361000000	1355.497800000000	0.000000000000	-2581.947750000000	-921.442627000000	1153.933470000000
4	41	60
5000.000000000000	0.000000000000	0.000000000000	0.000000000000	10939.819299999999	107.455582000000
0.000000000000	5000.000000000000	0.000000000000	-10939.819299999999	0.000000000000	-587.201538000000
0.000000000000	0.000000000000	5000.000000000000	-107.455582000000	587.201538000000	0.000000000000
0.000000000000	-10939.819299999999	-107.455582000000	25787.550800000001	516.525513000000	832.283936000000
10939.819299999999	0.000000000000	587.201538000000	516.525513000000	26321.871100000000	942.351624000000
107.455582000000	-587.201538000000	0.000000000000	832.283936000000	942.351624000000	2014.884890000000
4	45	60
5000.000000000000	0.000000000000	0.000000000000	0.000000000000	12282.943400000000	1456.491210000000
0.000000000000	5000.000000000000	0.000000000000	-12282.943400000000	0.000000000000	625.419067000000
0.000000000000	0.000000000000	5000.000000000000	-1456.491210000000	-625.419067000000	0.000000000000
0.000000000000	-12282.943400000000	-1456.491210000000	33063.074200000003	317.783875000000	-1511.834720000000
12282.943400000000	0.000000000000	-625.419067000000	317.783875000000	32319.980500000001	4600.546880000000
1456.491210000000	625.419067000000	0.000000000000	-1511.834720000000	4600.546880000000	2100.769530000000
4	47	60
5000.000000000000	0.000000000000	0.000000000000	0.000000000000	10977.705099999999	125.830894000000
0.000000000000	5000.000000000000	0.000000000000	-10977.705099999999	0.000000000000	-295.208710000000
0.000000000000	0.000000000000	5000.000000000000	-125.830894000000	295.208710000000	0.000000000000
0.000000000000	-10977.705099999999	-125.830894000000	25846.480500000001	476.967499000000	304.752869000000
10977.705099999999	0.000000000000	295.208710000000	476.967499000000	26369.437500000000	946.852051000000
125.830894000000	-295.208710000000	0.000000000000	304.752869000000	946.852051000000	1911.877200000000
4	48	60
5000.000000000000	0.000000000000	0.000000000000	0.000000000000	9700.719730000001	-700.159485000000
0.000000000000	5000.000000000000	0.000000000000	-9700.719730000001	0.000000000000	-745.116089000000
0.000000000000	0.000000000000	5000.000000000000	700.159485000000	745.116089000000	0.000000000000
0.000000000000	-9700.719730000001	700.159485000000	19602.744100000000	170.600571000000	1321.248170000000
9700.719730000001	0.000000000000	745.116089000000	170.600571000000	20264.705099999999	-1255.188840000000
-700.159485000000	-745.116089000000	0.000000000000	1321.248170000000	-1255.188840000000	1240.055180000000
4	49	60
5000.000000000000	0.000000000000	0.000000000000	0.000000000000	10221.757799999999	-147.288025000000
0.000000000000	5000.000000000000	0.000000000000	-10221.757799999999	0.000000000000	142.862625000000
0.000000000000	0.000000000000	5000.000000000000	147.288025000000	-142.862625000000	0.000000000000
0.000000000000	-10221.757799999999	147.288025000000	21779.884800000000	108.346840000000	-367.342010000000
10221.757799999999	0.000000000000	-142.862625000000	108.346840000000	22391.994100000000	-42.200862900000
-147.288025000000	142.862625000000	0.000000000000	-367.342010000000	-42.200862900000	1169.380250000000
5	8	60
5000.000000000000	0.000000000000	0.000000000000	0.000000000000	12283.743200000001	1023.305050000000
0.000000000000	5000.000000000000	0.000000000000	-12283.743200000001	0.000000000000	-5710.894530000000
0.000000000000	0.000000000000	5000.000000000000	-1023.305050000000	5710.894530000000	0.000000000000
0.000000000000	-12283.743200000001	-1023.305050000000	31355.169900000001	-1090.540040000000	14081.906300000001
12283.743200000001	0.000000000000	5710.894530000000	-1090.540040000000	37080.906300000002	2567.129880000000
1023.305050000000	-5710.894530000000	0.000000000000	14081.906300000001	2567.129880000000	7871.087400000000
5	37	60
2637.000000000000	0.000000000000	0.000000000000	0.000000000000	6440.671390000000	-262.045563000000
0.000000000000	2637.000000000000	0.000000000000	-6440.671390000000	0.000000000000	-3208.239010000000
0.000000000000	0.000000000000	2637.000000000000	262.045563000000	3208.239010000000	0.000000000000
0.000000000000	-6440.671390000000	262.045563000000	16039.489299999999	296.089203000000	7861.519530000000
6440.671390000000	0.000000000000	3208.239010000000	296.089203000000	19783.365200000000	-605.788574000000
-262.045563000000	-3208.239010000000	0.000000000000	7861.519530000000	-605.788574000000	4274.469730000000
5	41	60
5000.000000000000	0.000000000000	0.000000000000	0.000000000000	10650.571300000000	-372.124878000000
0.000000000000	5000.000000000000	0.000000000000	-10650.571300000000	0.000000000000	813.583191000000
0.000000000000	0.000000000000	5000.000000000000	372.124878000000	-813.583191000000	0.000000000000
0.000000000000	-10650.571300000000	372.124878000000	24137.027300000002	301.377838000000	-2241.588130000000
10650.571300000000	0.000000000000	-813.583191000000	301.377838000000	25061.460899999998	-305.805969000000
-372.124878000000	813.583191000000	0.000000000000	-2241.588130000000	-305.805969000000	1681.250610000000
5	45	60
5000.000000000000	0.000000000000	0.000000000000	0.000000000000	12323.435500000000	968.414429000000
0.000000000000	5000.000000000000	0.000000000000	-12323.435500000000	0.000000000000	2029.188720000000
0.000000000000	0.000000000000	5000.000000000000	-968.414429000000	-2029.188720000000	0.000000000000
0.000000000000	-12323.435500000000	-968.414429000000	33148.480499999998	767.406006000000	-5262.147460000000
12323.435500000000	0.000000000000	-2029.188720000000	767.406006000000	32884.199200000003	3395.408940000000
968.414429000000	2029.188720000000	0.000000000000	-5262.147460000000	3395.408940000000	2688.098630000000
5	47	60
5000.000000000000	0.000000000000	0.000000000000	0.000000000000	10951.529300000000	-181.630417000000
0.000000000000	5000.000000000000	0.000000000000	-10951.529300000000	0.000000000000	1236.284910000000
0.000000000000	0.000000000000	5000.000000000000	181.630417000000	-1236.284910000000	0.000000000000
0.000000000000	-10951.529300000000	181.630417000000	25515.591799999998	326.034973000000	-3195.971440000000
10951.529300000000	0.000000000000	-1236.284910000000	326.034973000000	26538.328099999999	145.615463000000
-181.630417000000	1236.284910000000	0.000000000000	-3195.971440000000	145.615463000000	1839.181880000000
5	48	60
3767.000000000000	0.000000000000	0.000000000000	0.000000000000	6764.515630000000	-962.202393000000
0.000000000000	3767.000000000000	0.000000000000	-6764.515630000000	0.000000000000	130.440277000000
0.000000000000	0.000000000000	3767.000000000000	962.202393000000	-130.440277000000	0.000000000000
0.000000000000	-6764.515630000000	962.202393000000	12741.493200000001	3.873766900000	-371.209625000000
6764.515630000000	0.000000000000	-130.440277000000	3.873766900000	13074.217800000000	-1680.321290000000
-962.202393000000	130.440277000000	0.000000000000	-371.209625000000	-1680.321290000000	895.316284000000
5	49	60
5000.000000000000	0.000000000000	0.000000000000	0.000000000000	9931.441409999999	-883.767090000000
0.000000000000	5000.000000000000	0.000000000000	-9931.441409999999	0.000000000000	984.418396000000
0.000000000000	0.000000000000	5000.000000000000	883.767090000000	-984.418396000000	0.000000000000
0.000000000000	-9931.441409999999	883.767090000000	20584.496100000000	-10.866478000000	-2076.685300000000
9931.441409999999	0.000000000000	-984.418396000000	-10.866478000000	21452.228500000001	-1622.549440000000
-883.767090000000	984.418396000000	0.000000000000	-2076.685300000000	-1622.549440000000	1360.744020000000
6	8	60
4363.000000000000	0.000000000000	0.000000000000	0.000000000000	10143.815399999999	-2004.166020000000
0.000000000000	4363.000000000000	0.000000000000	-10143.815399999999	0.000000000000	-4494.586910000000
0.000000000000	0.000000000000	4363.000000000000	2004.166020000000	4494.586910000000	0.000000000000
0.000000000000	-10143.815399999999	2004.166020000000	24879.429700000001	2063.251220000000	10476.687500000000
10143.815399999999	0.000000000000	4494.586910000000	2063.251220000000	28527.685500000000	-4638.044430000000
-2004.166020000000	-4494.586910000000	0.000000000000	10476.687500000000	-4638.044430000000	6124.472660000000
6	40	60
5000.000000000000	0.000000000000	0.000000000000	0.000000000000	12129.556600000000	-2866.313230000000
0.000000000000	5000.000000000000	0.000000000000	-12129.556600000000	0.000000000000	1460.265500000000
0.000000000000	0.000000000000	5000.000000000000	2866.313230000000	-1460.265500000000	0.000000000000
0.000000000000	-12129.556600000000	2866.313230000000	31886.248000000000	-737.943176000000	-3664.112790000000
12129.556600000000	0.000000000000	-1460.265500000000	-737.943176000000	31725.330099999999	-6724.838380000000
-2866.313230000000	1460.265500000000	0.000000000000	-3664.112790000000	-6724.838380000000	3616.684810000000
6	41	60
3790.000000000000	0.000000000000	0.000000000000	0.000000000000	8621.522460000000	-2168.457520000000
0.000000000000	3790.000000000000	0.000000000000	-8621.522460000000	0.000000000000	2113.239500000000
0.000000000000	0.000000000000	3790.000000000000	2168.457520000000	-2113.239500000000	0.000000000000
0.000000000000	-8621.522460000000	2168.457520000000	21249.060500000000	-1041.591310000000	-4929.360840000000
8621.522460000000	0.000000000000	-2113.239500000000	-1041.591310000000	21827.839800000002	-4819.820310000000
-2168.457520000000	2113.239500000000	0.000000000000	-4929.360840000000	-4819.820310000000	3319.970950000000
6	45	60
5000.000000000000	0.000000000000	0.000000000000	0.000000000000	12712.269500000000	270.256622000000
0.000000000000	5000.000000000000	0.000000000000	-12712.269500000000	0.000000000000	3563.292240000000
0.000000000000	0.000000000000	5000.000000000000	-270.256622000000	-3563.292240000000	0.000000000000
0.000000000000	-12712.269500000000	-270.256622000000	35195.937500000000	563.538147000000	-9130.772460000000
12712.269500000000	0.000000000000	-3563.292240000000	563.538147000000	35717.496099999997	1194.518070000000
270.256622000000	3563.292240000000	0.000000000000	-9130.772460000000	1194.518070000000	5432.891600000000
6	47	60
4023.000000000000	0.000000000000	0.000000000000	0.000000000000	9294.114260000000	-2247.892090000000
0.000000000000	4023.000000000000	0.000000000000	-9294.114260000000	0.000000000000	2341.234620000000
0.000000000000	0.000000000000	4023.000000000000	2247.892090000000	-2341.234620000000	0.000000000000
0.000000000000	-9294.114260000000	2247.892090000000	23193.775399999999	-1124.459720000000	-5567.887210000000
9294.114260000000	0.000000000000	-2341.234620000000	-1124.459720000000	23901.306600000000	-5049.509280000000
-2247.892090000000	2341.234620000000	0.000000000000	-5567.887210000000	-5049.509280000000	3524.676510000000
7	8	60
5000.000000000000	0.000000000000	0.000000000000	0.000000000000	12076.506799999999	-713.634460000000
0.000000000000	5000.000000000000	0.000000000000	-12076.506799999999	0.000000000000	-4227.548340000000
0.000000000000	0.000000000000	5000.000000000000	713.634460000000	4227.548340000000	0.000000000000
0.000000000000	-12076.506799999999	713.634460000000	30593.041000000001	458.115387000000	10287.245100000000
12076.506799999999	0.000000000000	4227.548340000000	458.115387000000	33288.562500000000	-1567.663090000000
-713.634460000000	-4227.548340000000	0.000000000000	10287.245100000000	-1567.663090000000	5222.935060000000
7	37	60
4516.000000000000	0.000000000000	0.000000000000	0.000000000000	10789.234399999999	-2000.508300000000
0.000000000000	4516.000000000000	0.000000000000	-10789.234399999999	0.000000000000	-4509.996090000000
0.000000000000	0.000000000000	4516.000000000000	2000.508300000000	4509.996090000000	0.000000000000
0.000000000000	-10789.234399999999	2000.508300000000	27307.956999999999	1921.707760000000	10755.733399999999
10789.234399999999	0.000000000000	4509.996090000000	1921.707760000000	30696.947300000000	-4663.515630000000
-2000.508300000000	-4509.996090000000	0.000000000000	10755.733399999999	-4663.515630000000	6107.746580000000
7	40	60
5000.000000000000	0.000000000000	0.000000000000	0.000000000000	11556.375000000000	-766.241150000000
0.000000000000	5000.000000000000	0.000000000000	-11556.375000000000	0.000000000000	2324.088620000000
0.000000000000	0.000000000000	5000.000000000000	766.241150000000	-2324.088620000000	0.000000000000
0.000000000000	-11556.375000000000	766.241150000000	28767.267599999999	42.864212000000	-5890.663090000000
11556.375000000000	0.000000000000	-2324.088620000000	42.864212000000	30033.033200000002	-1034.061280000000
-766.241150000000	2324.088620000000	0.000000000000	-5890.663090000000	-1034.061280000000	2742.806880000000
7	41	60
5000.000000000000	0.000000000000	0.000000000000	0.000000000000	10151.109399999999	-1396.527340000000
0.000000000000	5000.000000000000	0.000000000000	-10151.109399999999	0.000000000000	2246.861330000000
0.000000000000	0.000000000000	5000.000000000000	1396.527340000000	-2246.861330000000	0.000000000000
0.000000000000	-10151.109399999999	1396.527340000000	22177.869100000000	-424.899017000000	-5053.049800000000
10151.109399999999	0.000000000000	-2246.861330000000	-424.899017000000	23409.507799999999	-2531.224370000000
-1396.527340000000	2246.861330000000	0.000000000000	-5053.049800000000	-2531.224370000000	2340.157230000000
7	45	60
5000.000000000000	0.000000000000	0.000000000000	0.000000000000	11095.127899999999	-722.200378000000
0.000000000000	5000.000000000000	0.000000000000	-11095.127899999999	0.000000000000	3445.874760000000
0.000000000000	0.000000000000	5000.000000000000	722.200378000000	-3445.874760000000	0.000000000000
0.000000000000	-11095.127899999999	722.200378000000	26368.343799999999	-184.702347000000	-8078.700200000000
11095.127899999999	0.000000000000	-3445.874760000000	-184.702347000000	28412.390599999999	-1019.434270000000
-722.200378000000	3445.874760000000	0.000000000000	-8078.700200000000	-1019.434270000000	3465.046140000000
7	47	60
5000.000000000000	0.000000000000	0.000000000000	0.000000000000	10537.081099999999	-1287.359380000000
0.000000000000	5000.000000000000	0.000000000000	-10537.081099999999	0.000000000000	2535.036380000000
0.000000000000	0.000000000000	5000.000000000000	1287.359380000000	-2535.036380000000	0.000000000000
0.000000000000	-10537.081099999999	1287.359380000000	23674.363300000001	-455.593292000000	-5774.134770000000
10537.081099999999	0.000000000000	-2535.036380000000	-455.593292000000	25198.234400000001	-2401.820310000000
-1287.359380000000	2535.036380000000	0.000000000000	-5774.134770000000	-2401.820310000000	2549.379640000000
7	49	60
3964.000000000000	0.000000000000	0.000000000000	0.000000000000	6992.566410000000	-1572.631100000000
0.000000000000	3964.000000000000	0.000000000000	-6992.566410000000	0.000000000000	1130.104980000000
0.000000000000	0.000000000000	3964.000000000000	1572.631100000000	-1130.104980000000	0.000000000000
0.000000000000	-6992.566410000000	1572.631100000000	13477.401400000001	-427.098907000000	-2083.332280000000
6992.566410000000	0.000000000000	-1130.104980000000	-427.098907000000	13520.273400000000	-2714.761720000000
-1572.631100000000	1130.104980000000	0.000000000000	-2083.332280000000	-2714.761720000000	1326.183720000000
8	10	60
3948.000000000000	0.000000000000	0.000000000000	0.000000000000	8901.966800000000	1696.447630000000
0.000000000000	3948.000000000000	0.000000000000	-8901.966800000000	0.000000000000	-4454.375980000000
0.000000000000	0.000000000000	3948.000000000000	-1696.447630000000	4454.375980000000	0.000000000000
0.000000000000	-8901.966800000000	-1696.447630000000	21231.728500000001	-1714.497800000000	10170.534200000000
