0	1	60
0.846942950000	-0.069788406100	0.527083566000	-0.047599310600
0.031250111900	0.996167021000	0.081684406300	0.027744588000
-0.530765566000	-0.052709878100	0.845878111000	-0.013526656200
0.000000000000	0.000000000000	0.000000000000	1.000000000000
0	51	60
-0.189440509000	0.383205798000	-0.904024349000	1.495308350000
-0.126572972000	0.903483308000	0.409500038000	-0.444545101000
0.973700823000	0.192003105000	-0.122650955000	1.942732310000
0.000000000000	0.000000000000	0.000000000000	1.000000000000
0	52	60
0.297161856000	0.426595341000	-0.854229222000	0.922319071000
-0.113481821000	0.904080010000	0.412011808000	-0.394745228000
0.948059354000	-0.025495255300	0.317073744000	1.677246230000
0.000000000000	0.000000000000	0.000000000000	1.000000000000
0	53	60
0.626261540000	0.415826121000	-0.659454406000	0.520686807000
-0.099972169700	0.881726571000	0.461039999000	-0.215653615000
0.773173619000	-0.222805417000	0.593767572000	1.649109670000
0.000000000000	0.000000000000	0.000000000000	1.000000000000
0	54	60
0.805358828000	0.328129913000	-0.493684095000	0.339122293000
-0.092696124700	0.892286334000	0.441843894000	-0.256709421000
0.585490507000	-0.310081510000	0.749033735000	1.476525880000
0.000000000000	0.000000000000	0.000000000000	1.000000000000
0	55	60
0.843273058000	0.148415149000	-0.516583089000	0.330878394000
-0.088921564900	0.986396252000	0.138235309000	-0.385018002000
0.530071136000	-0.070632746100	0.845005767000	1.376213150000
0.000000000000	0.000000000000	0.000000000000	1.000000000000
0	56	60
0.774703438000	0.037220226500	-0.631223748000	0.479929692000
-0.108013338000	0.991379965000	-0.074109686900	-0.506296673000
0.623026199000	0.125597570000	0.772053395000	1.400337840000
0.000000000000	0.000000000000	0.000000000000	1.000000000000
0	57	60
0.751126451000	0.015157000800	-0.659979363000	0.448762115000
-0.079965852000	0.994460160000	-0.068173908800	-0.411876856000
0.655290876000	0.103986470000	0.748185218000	0.882165801000
0.000000000000	0.000000000000	0.000000000000	1.000000000000
0	58	60
0.952251472000	0.048071648700	-0.301495982000	0.121336104000
-0.072151149100	0.994983742000	-0.069243714200	-0.403711124000
0.296653461000	0.087694008700	0.950951526000	0.567075890000
0.000000000000	0.000000000000	0.000000000000	1.000000000000
0	59	60
0.597852367000	0.300689920000	-0.743068728000	0.396615730000
-0.203776708000	0.953533015000	0.221902969000	-0.354241025000
0.775268826000	0.018756405500	0.631354553000	0.914919643000
0.000000000000	0.000000000000	0.000000000000	1.000000000000
1	3	60
0.413329161000	-0.242905739000	0.877585084000	-0.598920557000
0.210703700000	0.963119809000	0.167343502000	-0.044056678500
-0.885869057000	0.115740729000	0.449266495000	0.696498852000
0.000000000000	0.000000000000	0.000000000000	1.000000000000
1	4	60
0.138626645000	-0.337918965000	0.930909292000	-1.078420400000
0.146938955000	0.936600254000	0.318103227000	-0.148949980000
-0.979383368000	0.092688499300	0.179491319000	0.882795844000
0.000000000000	0.000000000000	0.000000000000	1.000000000000
1	5	60
0.213017634000	-0.279763901000	0.936137976000	-0.934746780000
0.148972470000	0.956225945000	0.251868757000	-0.212417941000
-0.965624159000	0.085805226600	0.245370478000	1.041205910000
0.000000000000	0.000000000000	0.000000000000	1.000000000000
1	6	60
0.242612495000	-0.067510480000	0.967771110000	-0.775888075000
0.173860473000	0.984450958000	0.025088204900	-0.343365114000
-0.954417531000	0.162169758000	0.250578136000	1.126324410000
0.000000000000	0.000000000000	0.000000000000	1.000000000000
1	7	60
0.431763896000	-0.204083467000	0.878594313000	-0.775543525000
0.165693123000	0.975436782000	0.145152944000	-0.221763773000
-0.886637752000	0.082904717400	0.454974598000	1.055768430000
0.000000000000	0.000000000000	0.000000000000	1.000000000000
1	8	60
0.810994387000	-0.156611170000	0.563702821000	-0.214367198000
0.046421915800	0.977692444000	0.204842112000	-0.256526929000
-0.583209506000	-0.139959349000	0.800174897000	1.448808740000
0.000000000000	0.000000000000	0.000000000000	1.000000000000
1	37	60
0.297380965000	-0.580896603000	0.757705469000	-0.683891349000
0.244231341000	0.813490066000	0.527809272000	-0.764557380000
-0.922993134000	0.028096158900	0.383789085000	3.185763300000
0.000000000000	0.000000000000	0.000000000000	1.000000000000
1	38	60
-0.657359162000	-0.339106694000	0.672963289000	-0.089720502000
0.245448781000	0.747980364000	0.616666576000	-0.779014767000
-0.712480791000	0.570552152000	-0.408461117000	3.253684580000
0.000000000000	0.000000000000	0.000000000000	1.000000000000
1	46	60
-0.873805390000	-0.154258967000	0.461154880000	-0.017772142200
0.068115945200	0.900167174000	0.430179575000	-1.014766020000
-0.481475674000	0.407306554000	-0.776067140000	3.441826240000
0.000000000000	0.000000000000	0.000000000000	1.000000000000
2	3	60
0.831221295000	-0.164549894000	0.531032116000	-0.537077551000
0.171855041000	0.984462157000	0.036050819200	0.027474725700
-0.528712728000	0.061294585600	0.846583631000	0.131570232000
0.000000000000	0.000000000000	0.000000000000	1.000000000000
2	4	60
0.639445592000	-0.236154225000	0.731669137000	-1.051794650000
0.148255672000	0.971672380000	0.184048482000	-0.015095211800
-0.754405916000	-0.009213853200	0.656341977000	0.037318356400
0.000000000000	0.000000000000	0.000000000000	1.000000000000
2	6	60
0.717726162000	-0.037285042400	0.695326400000	-0.941150562000
0.160176840000	0.980627614000	-0.112754521000	-0.254309965000
-0.677652099000	0.192302587000	0.709793289000	0.382518293000
0.000000000000	0.000000000000	0.000000000000	1.000000000000
2	9	60
0.894459573000	0.207744896000	-0.395959636000	-0.674280392000
-0.162702089000	0.976029852000	0.144546956000	-0.458072858000
0.416496780000	-0.064867640200	0.906819740000	1.738192640000
0.000000000000	0.000000000000	0.000000000000	1.000000000000
2	36	60
0.870883583000	-0.257394359000	0.418700185000	-2.281645360000
0.196514511000	0.963198909000	0.183378802000	-0.726550413000
-0.450493905000	-0.077417226300	0.889414822000	1.625368140000
0.000000000000	0.000000000000	0.000000000000	1.000000000000
2	37	60
0.755440399000	-0.422187478000	0.501064471000	-1.971804520000
0.221703754000	0.884328929000	0.410861763000	-0.729526778000
-0.616568453000	-0.199290498000	0.761656595000	2.154259550000
0.000000000000	0.000000000000	0.000000000000	1.000000000000
2	38	60
-0.164341672000	-0.504038015000	0.847900236000	-1.503647190000
0.348542829000	0.774464567000	0.527939072000	-0.826428178000
-0.922768842000	0.382295135000	0.048400799600	2.513842600000
0.000000000000	0.000000000000	0.000000000000	1.000000000000
2	39	60
-0.495320469000	-0.299422977000	0.815474705000	-1.386433360000
0.230635048000	0.859705706000	0.455751131000	-0.923252538000
-0.837530093000	0.413823057000	-0.356774844000	2.582544030000
0.000000000000	0.000000000000	0.000000000000	1.000000000000
2	40	60
-0.497499757000	-0.425469134000	0.755954585000	-1.090590840000
0.212334219000	0.785214190000	0.581677340000	-0.872452699000
-0.841070410000	0.449902116000	-0.300302524000	2.550055990000
0.000000000000	0.000000000000	0.000000000000	1.000000000000
2	41	60
-0.652839869000	-0.420780672000	0.629873043000	-0.870821433000
0.162051042000	0.734691525000	0.658761303000	-0.950907123000
-0.739956299000	0.532139139000	-0.411446617000	2.411906010000
0.000000000000	0.000000000000	0.000000000000	1.000000000000
2	45	60
-0.667195749000	-0.069168631200	0.741663053000	-1.192133840000
0.169419088000	0.955490183000	0.241518889000	-1.045143040000
-0.725355318000	0.286794622000	-0.625782007000	2.502314540000
0.000000000000	0.000000000000	0.000000000000	1.000000000000
2	46	60
-0.486328123000	-0.246569687000	0.838263963000	-1.564635640000
0.197343980000	0.903573304000	0.380270618000	-1.073892160000
-0.851195164000	0.350364511000	-0.390775004000	2.690461610000
0.000000000000	0.000000000000	0.000000000000	1.000000000000
2	47	60
-0.633385187000	-0.412270179000	0.654870380000	-0.969162288000
0.156127606000	0.760778786000	0.629949030000	-0.885997999000
-0.757918456000	0.501245855000	-0.417499079000	2.429565640000
0.000000000000	0.000000000000	0.000000000000	1.000000000000
2	49	60
-0.756238893000	-0.451252328000	0.473784346000	-0.502595367000
0.263331517000	0.452968839000	0.851745800000	-0.775142937000
-0.598959246000	0.768887950000	-0.223721258000	1.896688440000
0.000000000000	0.000000000000	0.000000000000	1.000000000000
3	8	60
0.861635598000	0.265255152000	-0.432694301000	-0.552268335000
-0.219788091000	0.963478322000	0.152974761000	-0.210970784000
0.457468441000	-0.036708059900	0.888468201000	0.639910548000
0.000000000000	0.000000000000	0.000000000000	1.000000000000
3	45	60
-0.141966090000	-0.044921053600	0.988851266000	-1.982275670000
0.232113842000	0.969605042000	0.077368494300	-0.802849083000
-0.962269868000	0.240511088000	-0.127224319000	1.620513540000
0.000000000000	0.000000000000	0.000000000000	1.000000000000
3	48	60
-0.331046166000	-0.652880326000	0.681287860000	-1.192732270000
0.143010664000	0.678947520000	0.720122195000	-0.630203212000
-0.932711708000	0.335825682000	-0.131393005000	1.565498160000
0.000000000000	0.000000000000	0.000000000000	1.000000000000
3	49	60
-0.266668612000	-0.703766915000	0.658480384000	-1.042513500000
0.346966572000	0.567313157000	0.746837711000	-0.687629334000
-0.899163981000	0.427629576000	0.092901151900	1.483699850000
0.000000000000	0.000000000000	0.000000000000	1.000000000000
4	8	60
0.690432591000	0.259023592000	-0.675434249000	-0.450369471000
-0.284629225000	0.955655553000	0.075536574000	-0.340273504000
0.665049137000	0.140094631000	0.733542195000	0.871729982000
0.000000000000	0.000000000000	0.000000000000	1.000000000000
4	30	60
0.901327084000	-0.196064651000	0.386222081000	-1.468857590000
0.276936329000	0.946471523000	-0.165813564000	-0.225371387000
-0.333039035000	0.256409990000	0.907378944000	-0.551425835000
0.000000000000	0.000000000000	0.000000000000	1.000000000000
4	41	60
0.164797834000	-0.561593220000	0.810833705000	-1.814423920000
0.318449697000	0.808344206000	0.495144027000	-0.973920879000
-0.933503739000	0.176611981000	0.312052739000	1.518723440000
0.000000000000	0.000000000000	0.000000000000	1.000000000000
4	45	60
0.145695301000	-0.118931828000	0.982154600000	-2.102061750000
0.328864668000	0.942114229000	0.065296898400	-0.990441154000
-0.933068175000	0.313483302000	0.176375844000	1.325623870000
0.000000000000	0.000000000000	0.000000000000	1.000000000000
4	47	60
0.189910642000	-0.528977494000	0.827112560000	-1.881006920000
0.308265283000	0.831967345000	0.461300516000	-0.887789687000
-0.932148872000	0.167363559000	0.321067205000	1.470307560000
0.000000000000	0.000000000000	0.000000000000	1.000000000000
4	48	60
-0.043231690200	-0.726456649000	0.685849474000	-1.332155240000
0.241937473000	0.658447638000	0.712677392000	-0.832574504000
-0.969326132000	0.196742128000	0.147292524000	1.521927140000
0.000000000000	0.000000000000	0.000000000000	1.000000000000
4	49	60
0.007326055000	-0.801450463000	0.598013287000	-1.164221230000
0.439979858000	0.539616687000	0.717792647000	-0.885346183000
-0.897974741000	0.257854799000	0.356578046000	1.482332820000
0.000000000000	0.000000000000	0.000000000000	1.000000000000
5	8	60
0.742833797000	0.247435569000	-0.622074076000	-0.246708354000
-0.232540651000	0.966701037000	0.106831759000	-0.208739886000
0.627793364000	0.065298861000	0.775636986000	0.763279501000
0.000000000000	0.000000000000	0.000000000000	1.000000000000
5	37	60
0.990996224000	-0.029685063800	-0.130562542000	-2.099654180000
0.071145286500	0.942806477000	0.325658140000	-0.414134399000
0.113428981000	-0.332012962000	0.936427115000	0.621979833000
0.000000000000	0.000000000000	0.000000000000	1.000000000000
5	41	60
0.089777694200	-0.564954128000	0.820221997000	-1.546121650000
0.265545174000	0.807316224000	0.526997628000	-0.827038621000
-0.959908076000	0.170494356000	0.222499846000	1.544296500000
0.000000000000	0.000000000000	0.000000000000	1.000000000000
5	45	60
0.070532683200	-0.116592531000	0.990672468000	-1.846547300000
0.275628190000	0.956755795000	0.092975396700	-0.860035708000
-0.958670732000	0.266500386000	0.099620040100	1.374144910000
0.000000000000	0.000000000000	0.000000000000	1.000000000000
5	47	60
0.115140278000	-0.533619808000	0.837849747000	-1.617909060000
0.255904474000	0.830924201000	0.494039715000	-0.745112825000
-0.959818055000	0.157525281000	0.232230508000	1.496018930000
0.000000000000	0.000000000000	0.000000000000	1.000000000000
5	48	60
-0.118568469000	-0.724597229000	0.678895615000	-1.068105770000
0.183380700000	0.655980090000	0.732160973000	-0.677242406000
-0.975863148000	0.211306906000	0.055100057600	1.503870610000
0.000000000000	0.000000000000	0.000000000000	1.000000000000
5	49	60
-0.067340643600	-0.792344380000	0.606344143000	-0.902359184000
0.386159858000	0.539663780000	0.748091158000	-0.729285080000
-0.919967645000	0.284522264000	0.269632849000	1.455146330000
0.000000000000	0.000000000000	0.000000000000	1.000000000000
6	8	60
0.761453508000	0.265564915000	-0.591324447000	-0.156454267000
-0.103629606000	0.950365407000	0.293365848000	0.099876888100
0.639882882000	-0.162105389000	0.751180503000	0.626409868000
0.000000000000	0.000000000000	0.000000000000	1.000000000000
6	40	60
0.246896021000	-0.484473614000	0.839240728000	-1.675106830000
0.065029860800	0.872382394000	0.484474463000	-0.183773537000
-0.966853624000	-0.065038422900	0.246895860000	1.504294540000
0.000000000000	0.000000000000	0.000000000000	1.000000000000
6	41	60
0.058829927600	-0.544929298000	0.836412917000	-1.436321600000
0.040957004900	0.838478063000	0.543392658000	-0.295468482000
-0.997425904000	0.002289618330	0.071646969100	1.567894110000
0.000000000000	0.000000000000	0.000000000000	1.000000000000
6	45	60
0.039812147700	-0.090942884100	0.995059428000	-1.743295920000
0.051525353000	0.994709329000	0.088848450700	-0.358513146000
-0.997875019000	0.047734755200	0.044289397000	1.419273940000
0.000000000000	0.000000000000	0.000000000000	1.000000000000
6	47	60
0.084016352500	-0.513707592000	0.853840534000	-1.508473480000
0.030968814000	0.857801780000	0.513042667000	-0.224754324000
-0.995980086000	-0.016662138800	0.087980994200	1.504730990000
0.000000000000	0.000000000000	0.000000000000	1.000000000000
7	8	60
0.874945600000	0.218470029000	-0.432136270000	-0.111947522000
-0.168580650000	0.974035311000	0.151106283000	-0.115851387000
0.453929575000	-0.059360886900	0.889058741000	0.666824111000
0.000000000000	0.000000000000	0.000000000000	1.000000000000
7	37	60
0.987225338000	-0.140932818000	0.074323333900	-1.938895650000
0.101020422000	0.914388977000	0.392026768000	-0.371577699000
-0.123208964000	-0.379509886000	0.916943698000	0.970828558000
0.000000000000	0.000000000000	0.000000000000	1.000000000000
7	40	60
0.048054225600	-0.496239934000	0.866853287000	-1.421676420000
0.221540653000	0.851533979000	0.475189181000	-0.591810345000
-0.973963095000	0.169208790000	0.150859351000	1.769329550000
0.000000000000	0.000000000000	0.000000000000	1.000000000000
7	41	60
-0.142082290000	-0.541685846000	0.828483324000	-1.173913290000
0.194722506000	0.805326644000	0.559938125000	-0.702013589000
-0.970512176000	0.240881775000	-0.008943468620	1.766548800000
0.000000000000	0.000000000000	0.000000000000	1.000000000000
7	45	60
-0.160909048000	-0.089331280300	0.982917884000	-1.503761200000
0.204448263000	0.971275097000	0.121741521000	-0.754211354000
-0.965559361000	0.220545866000	-0.138022034000	1.672892130000
0.000000000000	0.000000000000	0.000000000000	1.000000000000
7	47	60
-0.117018135000	-0.515072382000	0.849120654000	-1.257922770000
0.185670498000	0.828572799000	0.528194393000	-0.625521315000
-0.975617027000	0.219464248000	-0.001322348430	1.730669590000
0.000000000000	0.000000000000	0.000000000000	1.000000000000
7	49	60
-0.290443468000	-0.726567746000	0.622686721000	-0.571767649000
0.314540669000	0.542086942000	0.779231127000	-0.597218474000
-0.903715648000	0.422182371000	0.071092184700	1.524947180000
0.000000000000	0.000000000000	0.000000000000	1.000000000000
8	10	60
0.466004448000	0.200381782000	-0.861791470000	-0.061587721500
-0.349644182000	0.936444272000	0.028673495500	-0.483263725000
0.812764535000	0.287960322000	0.506450441000	1.233936520000
0.000000000000	0.000000000000	0.000000000000	1.000000000000
8	32	60
0.927117410000	-0.126714453000	0.352695677000	-1.791521550000
0.217952930000	0.947892330000	-0.232374374000	-0.260076963000
-0.304872588000	0.292310665000	0.906423617000	-0.548368090000
0.000000000000	0.000000000000	0.000000000000	1.000000000000
8	33	60
0.987011761000	-0.086124332000	-0.135606783000	-1.898447190000
0.055743218400	0.975309326000	-0.213702308000	-0.303956349000
0.150662088000	0.203368601000	0.967439540000	-0.413504453000
0.000000000000	0.000000000000	0.000000000000	1.000000000000
8	39	60
-0.436480563000	-0.376381385000	0.817200809000	-0.859722201000
0.301965427000	0.794323103000	0.527129048000	-0.881822074000
-0.847522320000	0.476850722000	-0.233053921000	1.475196110000
0.000000000000	0.000000000000	0.000000000000	1.000000000000
8	40	60
-0.437412158000	-0.500926095000	0.746820301000	-0.565244402000
0.284101808000	0.710968639000	0.643278485000	-0.815182935000
-0.853199243000	0.493553089000	-0.168671520000	1.474251980000
0.000000000000	0.000000000000	0.000000000000	1.000000000000
8	46	60
-0.424688772000	-0.320861409000	0.846572611000	-1.038105730000
0.270830827000	0.847241525000	0.456978559000	-1.051053330000
-0.863877259000	0.423353074000	-0.272914740000	1.550260620000
0.000000000000	0.000000000000	0.000000000000	1.000000000000
9	12	60
0.639566731000	-0.037344969400	-0.767826013000	0.198800446000
-0.263827826000	0.927490084000	-0.264868063000	-0.331346964000
0.722042928000	0.371976153000	0.583340717000	0.729438806000
0.000000000000	0.000000000000	0.000000000000	1.000000000000
9	32	60
0.620412795000	-0.132843558000	0.772940850000	-2.077611050000
0.346298442000	0.930671624000	-0.118010330000	-0.315177600000
-0.703678553000	0.340885160000	0.623403461000	-0.340047506000
0.000000000000	0.000000000000	0.000000000000	1.000000000000
9	33	60
0.915128456000	-0.144454220000	0.376391294000	-2.098849060000
0.223287502000	0.958943072000	-0.174852058000	-0.367647231000
-0.335681067000	0.244056128000	0.909809686000	-0.171694918000
0.000000000000	0.000000000000	0.000000000000	1.000000000000
10	32	60
0.108046120000	-0.152895840000	0.982317470000	-2.332793050000
0.302087762000	0.946428824000	0.114081304000	-0.650876862000
-0.947136961000	0.284420785000	0.148444784000	0.594596304000
0.000000000000	0.000000000000	0.000000000000	1.000000000000
10	33	60
0.562916320000	-0.215855917000	0.797828545000	-2.257666240000
0.293364615000	0.954625176000	0.051289445100	-0.674558256000
-0.772698908000	0.205181897000	0.600697411000	0.753787654000
0.000000000000	0.000000000000	0.000000000000	1.000000000000
10	35	60
0.417759150000	-0.478912349000	0.772086501000	-1.853744160000
0.269440898000	0.876870306000	0.398118319000	-0.610306448000
-0.867684567000	0.041714439700	0.495359634000	0.864767344000
0.000000000000	0.000000000000	0.000000000000	1.000000000000
10	36	60
0.033777867200	-0.468999293000	0.882551031000	-1.328951490000
0.343175498000	0.834807853000	0.430494213000	-0.669928058000
-0.938664867000	0.288329919000	0.189146638000	1.006685030000
0.000000000000	0.000000000000	0.000000000000	1.000000000000
11	32	60
0.072766337000	-0.116741500000	0.990492127000	-2.391243900000
-0.058313025900	0.990928869000	0.121076204000	-0.266899626000
-0.995642943000	-0.066568199500	0.065299396100	0.873817621000
0.000000000000	0.000000000000	0.000000000000	1.000000000000
11	33	60
0.534661484000	-0.182977107000	0.825018126000	-2.309645980000
-0.022209420100	0.972898695000	0.230167175000	-0.235419412000
-0.844774847000	-0.141386174000	0.516108607000	1.028406010000
0.000000000000	0.000000000000	0.000000000000	1.000000000000
11	35	60
0.384842511000	-0.454935022000	0.803073638000	-1.899694910000
-0.072636675600	0.852459871000	0.517720725000	-0.151704244000
-0.920118302000	-0.257574169000	0.295019496000	1.095709870000
0.000000000000	0.000000000000	0.000000000000	1.000000000000
11	36	60
-0.000017828226	-0.434989332000	0.900434048000	-1.370676020000
-0.014040446300	0.900345851000	0.434948002000	-0.177406109000
-0.999902963000	-0.012633572400	-0.006122751370	1.232022730000
0.000000000000	0.000000000000	0.000000000000	1.000000000000
12	13	60
0.738082073000	0.024164180000	-0.674278866000	0.089311972800
0.029004982300	0.997298007000	0.067490267100	-0.034406019500
0.674086937000	-0.069370049100	0.735388328000	0.660529537000
0.000000000000	0.000000000000	0.000000000000	1.000000000000
12	14	60
0.395213637000	0.114978417000	-0.911365844000	-0.168704859000
-0.019960878500	0.992976603000	0.116617028000	-0.112066468000
0.918373631000	-0.027896209400	0.394732652000	0.997261836000
0.000000000000	0.000000000000	0.000000000000	1.000000000000
12	32	60
-0.202653969000	-0.084366439600	0.975609009000	-2.232405920000
0.036268326500	0.994952122000	0.093572180100	-0.297814174000
-0.978578426000	0.054347120600	-0.198571334000	1.119733880000
0.000000000000	0.000000000000	0.000000000000	1.000000000000
12	33	60
0.284001634000	-0.169165985000	0.943782682000	-2.110587990000
0.048056816700	0.985589188000	0.162197182000	-0.283063092000
-0.957619469000	-0.000710465524	0.288038512000	1.248145560000
0.000000000000	0.000000000000	0.000000000000	1.000000000000
12	35	60
0.117198190000	-0.467715368000	0.876073832000	-1.694320740000
0.008245803150	0.882581493000	0.470086805000	-0.214770737000
-0.993073210000	-0.047869551100	0.107293922000	1.207453730000
0.000000000000	0.000000000000	0.000000000000	1.000000000000
13	17	60
0.999931975000	-0.010690171500	-0.004763696970	-0.465587110000
0.011486003200	0.974501690000	0.224087798000	-0.155670115000
0.002247682970	-0.224127489000	0.974555798000	1.364436590000
0.000000000000	0.000000000000	0.000000000000	1.000000000000
13	18	60
0.997047913000	0.035849911000	-0.067900712900	-0.771807947000
-0.020078423400	0.975275750000	0.220079576000	-0.250385575000
0.074110960100	-0.218067653000	0.973115045000	1.694760830000
0.000000000000	0.000000000000	0.000000000000	1.000000000000
13	19	60
0.999293115000	-0.012179683300	0.035554990200	-1.086053790000
0.004586352420	0.978482024000	0.206281184000	-0.302625931000
-0.037300889100	-0.205972246000	0.977844715000	1.914001050000
0.000000000000	0.000000000000	0.000000000000	1.000000000000
13	23	60
0.988144588000	-0.121331910000	0.094077685100	-1.159771200000
0.046786426500	0.821577076000	0.568175583000	-0.367562061000
-0.146228303000	-0.557036338000	0.817512395000	2.202796860000
0.000000000000	0.000000000000	0.000000000000	1.000000000000
13	54	60
0.946411172000	-0.141364298000	0.290378951000	-2.033047360000
0.001892209710	0.901524277000	0.432722282000	-0.031423048500
-0.322953359000	-0.408984945000	0.853482745000	0.409839662000
0.000000000000	0.000000000000	0.000000000000	1.000000000000
13	55	60
0.922600797000	-0.057037803400	0.381509560000	-2.108588180000
0.006291696290	0.991100049000	0.132964258000	-0.164419899000
-0.385696890000	-0.120272376000	0.914752421000	0.353278456000
0.000000000000	0.000000000000	0.000000000000	1.000000000000
13	56	60
0.960781322000	0.038897407200	0.274562211000	-1.993211710000
-0.014206686800	0.995717218000	-0.091342979100	-0.271566513000
-0.276935722000	0.083861318300	0.957221817000	0.240518569000
0.000000000000	0.000000000000	0.000000000000	1.000000000000
13	57	60
0.971194772000	0.008380587090	0.238129354000	-2.441678540000
0.013213313800	0.995949135000	-0.088931836200	-0.203858055000
-0.237906890000	0.089516843000	0.967153842000	-0.029077482700
0.000000000000	0.000000000000	0.000000000000	1.000000000000
13	58	60
0.793210718000	0.013892492400	0.608786326000	-2.886758170000
0.021445140800	0.998481396000	-0.050724089600	-0.237533689000
-0.608564334000	0.053291175600	0.791712839000	0.056517939100
0.000000000000	0.000000000000	0.000000000000	1.000000000000
14	17	60
0.910185913000	-0.173245472000	0.376226608000	-0.065016227200
0.106211202000	0.975575100000	0.192280959000	-0.125215221000
-0.400348522000	-0.135051289000	0.906355588000	1.063573670000
0.000000000000	0.000000000000	0.000000000000	1.000000000000
14	18	60
0.939185089000	-0.128473274000	0.318470121000	-0.202101265000
0.072301227900	0.980572020000	0.182348354000	-0.258753882000
-0.335710103000	-0.148233662000	0.930229097000	1.482180040000
0.000000000000	0.000000000000	0.000000000000	1.000000000000
14	19	60
0.893998275000	-0.167497220000	0.415583159000	-0.394906418000
0.100512414000	0.978830992000	0.178285802000	-0.347344355000
-0.436647143000	-0.117614776000	0.891909726000	1.805480940000
0.000000000000	0.000000000000	0.000000000000	1.000000000000
14	23	60
0.836334440000	-0.398293172000	0.376705523000	-0.339500545000
0.144823742000	0.823247408000	0.548898843000	-0.427908971000
-0.528743356000	-0.404505909000	0.746193710000	2.094433500000
0.000000000000	0.000000000000	0.000000000000	1.000000000000
14	24	60
0.983646278000	0.115380385000	-0.138290534000	-0.378217869000
-0.009019121200	0.798435297000	0.602012181000	-0.319254311000
0.179876529000	-0.590919548000	0.786419090000	1.935669950000
0.000000000000	0.000000000000	0.000000000000	1.000000000000
14	25	60
0.825960060000	0.215844385000	-0.520769982000	-0.482718641000
-0.015757772400	0.932273238000	0.361410606000	-0.400305983000
0.563508418000	-0.290303599000	0.773421905000	1.832604440000
0.000000000000	0.000000000000	0.000000000000	1.000000000000
14	54	60
0.729653964000	-0.362112419000	0.580066894000	-1.889919440000
0.101677890000	0.896301792000	0.431626825000	-0.120659144000
-0.676210889000	-0.255959177000	0.690813267000	0.832650665000
0.000000000000	0.000000000000	0.000000000000	1.000000000000
14	55	60
0.682086525000	-0.174335687000	0.710183301000	-1.971875220000
0.105743428000	0.984471952000	0.140109263000	-0.258402748000
-0.723580217000	-0.020468701800	0.689935394000	0.802589719000
0.000000000000	0.000000000000	0.000000000000	1.000000000000
14	56	60
0.762679315000	-0.004168729390	0.646762643000	-1.904878600000
0.085594802600	0.991833029000	-0.094540415600	-0.350571438000
-0.641083123000	0.127465385000	0.756810821000	0.645990436000
0.000000000000	0.000000000000	0.000000000000	1.000000000000
14	57	60
0.786031953000	-0.029656994000	0.617471096000	-2.427948330000
0.112654803000	0.988993537000	-0.095905432800	-0.317377759000
-0.607827157000	0.144946756000	0.780726314000	0.585288750000
0.000000000000	0.000000000000	0.000000000000	1.000000000000
14	58	60
0.472370664000	-0.039590713100	0.880509449000	-2.795675230000
0.115461974000	0.993159921000	-0.017285296100	-0.395760559000
-0.873800490000	0.109831848000	0.473715991000	0.840610152000
0.000000000000	0.000000000000	0.000000000000	1.000000000000
15	17	60
0.897301005000	-0.211531567000	0.387437508000	-0.044788360000
0.215139888000	0.975970247000	0.034594081800	-0.338392187000
-0.385444479000	0.052312288100	0.921247034000	0.899059968000
0.000000000000	0.000000000000	0.000000000000	1.000000000000
15	18	60
0.928839081000	-0.167251449000	0.330584019000	-0.168293173000
0.170944956000	0.985114752000	0.018093606600	-0.553032721000
-0.328689464000	0.039704706200	0.943604187000	1.287045310000
0.000000000000	0.000000000000	0.000000000000	1.000000000000
15	19	60
0.880592168000	-0.205550127000	0.426975264000	-0.351065542000
0.215675007000	0.976141477000	0.025115770000	-0.707983048000
-0.421949782000	0.069972097600	0.903914447000	1.590575550000
0.000000000000	0.000000000000	0.000000000000	1.000000000000
15	23	60
0.819471642000	-0.436333386000	0.371594929000	-0.286841818000
0.274063994000	0.867769978000	0.414565255000	-0.838779434000
-0.503346079000	-0.237882713000	0.830696329000	1.858571500000
0.000000000000	0.000000000000	0.000000000000	1.000000000000
15	24	60
0.986799122000	0.073977274800	-0.144067295000	-0.332751115000
-0.003314529780	0.898614309000	0.438726146000	-0.704036616000
0.161916403000	-0.432456364000	0.886996550000	1.723488200000
0.000000000000	0.000000000000	0.000000000000	1.000000000000
15	25	60
0.837358263000	0.175619207000	-0.517680309000	-0.436308509000
-0.087777002900	0.977897871000	0.189764348000	-0.768523455000
0.539563946000	-0.113459856000	0.834265480000	1.608467940000
0.000000000000	0.000000000000	0.000000000000	1.000000000000
15	54	60
0.711440667000	-0.399811767000	0.577931123000	-1.872989430000
0.254984871000	0.913204563000	0.317863848000	-0.363375135000
-0.654852951000	-0.078778876900	0.751639910000	0.697350507000
0.000000000000	0.000000000000	0.000000000000	1.000000000000
15	55	60
0.662795687000	-0.210598313000	0.718574444000	-1.950452840000
0.265923227000	0.963281147000	0.037036086600	-0.496238016000
-0.699986890000	0.166538597000	0.694466271000	0.643122954000
0.000000000000	0.000000000000	0.000000000000	1.000000000000
15	56	60
0.745744889000	-0.037818542100	0.665159394000	-1.883353680000
0.233955680000	0.949669287000	-0.208303121000	-0.554831990000
-0.623799795000	0.310959772000	0.717061730000	0.471159442000
0.000000000000	0.000000000000	0.000000000000	1.000000000000
15	57	60
0.768769050000	-0.062822435200	0.636433478000	-2.408422170000
0.255241998000	0.942607021000	-0.215269676000	-0.531714541000
-0.586378766000	0.327937568000	0.740685914000	0.424704130000
0.000000000000	0.000000000000	0.000000000000	1.000000000000
15	58	60
0.449830354000	-0.073619292100	0.890075804000	-2.767729020000
0.295155498000	0.952853877000	-0.070354292100	-0.670914123000
-0.842930063000	0.294358907000	0.450356405000	0.665699352000
0.000000000000	0.000000000000	0.000000000000	1.000000000000
16	17	60
0.899281367000	-0.183728309000	0.396909577000	0.045695242700
0.170651320000	0.982957008000	0.068364710400	-0.147852735000
-0.402705299000	0.006253938880	0.915308139000	0.500232730000
0.000000000000	0.000000000000	0.000000000000	1.000000000000
16	19	60
0.882250934000	-0.177578386000	0.436002591000	-0.264244191000
0.169883627000	0.983817310000	0.056939174200	-0.474561757000
-0.439057499000	0.023835574400	0.898141905000	1.211425980000
0.000000000000	0.000000000000	0.000000000000	1.000000000000
16	20	60
0.545442604000	-0.395626325000	0.738899512000	-0.240454781000
0.269605402000	0.917547986000	0.292263511000	-0.402800368000
-0.793603579000	0.039797957400	0.607132119000	1.168331860000
0.000000000000	0.000000000000	0.000000000000	1.000000000000
16	21	60
0.421760254000	-0.606622089000	0.673890411000	-0.162881887000
0.284709264000	0.794239874000	0.536771861000	-0.498245004000
-0.860847320000	-0.034526239600	0.507689634000	1.192976920000
0.000000000000	0.000000000000	0.000000000000	1.000000000000
16	22	60
0.460277403000	-0.621818073000	0.633630639000	-0.165293077000
0.281068866000	0.779080305000	0.560387552000	-0.526933179000
-0.842108086000	-0.079839214000	0.533367537000	1.321845210000
0.000000000000	0.000000000000	0.000000000000	1.000000000000
16	23	60
0.822018837000	-0.414182883000	0.390818115000	-0.201172354000
0.225952800000	0.867182495000	0.443779529000	-0.593938180000
-0.522715588000	-0.276488223000	0.806426665000	1.484968290000
0.000000000000	0.000000000000	0.000000000000	1.000000000000
16	25	60
0.839627673000	0.201746913000	-0.504306616000	-0.350970033000
-0.085110479200	0.965859408000	0.244686775000	-0.531722725000
0.536453708000	-0.162524054000	0.828132948000	1.232940930000
0.000000000000	0.000000000000	0.000000000000	1.000000000000
16	54	60
0.712075925000	-0.374911693000	0.593623280000	-1.784307860000
0.202595696000	0.919247388000	0.337545139000	-0.130841367000
-0.672234830000	-0.120093962000	0.730532894000	0.314702047000
0.000000000000	0.000000000000	0.000000000000	1.000000000000
16	58	60
0.449928415000	-0.044241230100	0.891968123000	-2.687533730000
0.240964639000	0.967741866000	-0.073545654700	-0.414098985000
-0.859939243000	0.248023472000	0.446080031000	0.305318677000
0.000000000000	0.000000000000	0.000000000000	1.000000000000
17	23	60
0.988285301000	-0.113138523000	0.102433878000	-0.694686438000
0.067803831800	0.926771612000	0.369454905000	-0.386967473000
-0.136731989000	-0.358180665000	0.923587093000	0.772856367000
0.000000000000	0.000000000000	0.000000000000	1.000000000000
17	34	60
-0.129746893000	-0.421651672000	0.897426454000	-0.673290091000
0.278379744000	0.853185251000	0.441111841000	-0.204882479000
-0.951667221000	0.307058495000	0.006680516660	0.542214268000
0.000000000000	0.000000000000	0.000000000000	1.000000000000
18	24	60
0.862790144000	0.364469749000	-0.350363177000	-0.322022022000
-0.161879600000	0.855693968000	0.491509460000	-0.103921072000
0.478944266000	-0.367351141000	0.797284112000	0.354729029000
0.000000000000	0.000000000000	0.000000000000	1.000000000000
18	59	60
0.987687891000	0.071546365000	0.139108631000	-1.798043780000
-0.068265365400	0.997264787000	-0.028225529400	0.400367034000
-0.140742879000	0.018383524800	0.989875734000	-1.479184680000
0.000000000000	0.000000000000	0.000000000000	1.000000000000
19	21	60
0.798428720000	-0.385106380000	0.462824027000	0.093503919700
0.184687870000	0.888288523000	0.420517774000	-0.041739615200
-0.573064615000	-0.250275541000	0.780358547000	0.026275829200
0.000000000000	0.000000000000	0.000000000000	1.000000000000
19	24	60
0.799931171000	0.441428865000	-0.406510737000	-0.039103948600
-0.194741987000	0.831710217000	0.519936416000	0.009387814050
0.567613111000	-0.336748749000	0.751275072000	0.128060637000
0.000000000000	0.000000000000	0.000000000000	1.000000000000
19	59	60
0.992465795000	0.117483969000	0.034736942900	-1.291933830000
-0.116871179000	0.992959932000	-0.019160112700	0.553650780000
-0.036740403900	0.014956266900	0.999214672000	-1.854458580000
0.000000000000	0.000000000000	0.000000000000	1.000000000000
20	23	60
0.924109685000	0.227305418000	-0.307169440000	-0.281388937000
-0.138693696000	0.948541005000	0.284665585000	-0.178317956000
0.356068941000	-0.220459139000	0.908083714000	0.165403633000
0.000000000000	0.000000000000	0.000000000000	1.000000000000
21	23	60
0.861004450000	0.310223196000	-0.403031663000	-0.294754413000
-0.301147076000	0.949550006000	0.087545567300	-0.062856855000
0.409857313000	0.045994587700	0.910990744000	0.071072198500
0.000000000000	0.000000000000	0.000000000000	1.000000000000
21	34	60
0.526367910000	-0.343086310000	0.777964695000	-0.103680784000
0.507227111000	0.861037567000	0.036534357300	0.141375718000
-0.682391265000	0.375374474000	0.627243941000	-0.021601863600
0.000000000000	0.000000000000	0.000000000000	1.000000000000
22	59	60
0.816764989000	0.262167220000	-0.513962028000	0.095654126100
-0.469616953000	0.819584723000	-0.328234056000	1.641549280000
0.335185783000	0.509454589000	0.792531984000	-1.844779050000
0.000000000000	0.000000000000	0.000000000000	1.000000000000
23	25	60
0.390545190000	0.469030491000	-0.792139827000	0.022659980600
-0.569890097000	0.798952810000	0.192095094000	0.185678654000
0.722979401000	0.376409350000	0.579322540000	-0.234174636000
0.000000000000	0.000000000000	0.000000000000	1.000000000000
23	59	60
0.981775615000	0.178619414000	-0.064854364500	-0.947449101000
-0.189561446000	0.896595164000	-0.400224814000	1.543456150000
-0.013337142000	0.405224148000	0.914119731000	-1.769755990000
0.000000000000	0.000000000000	0.000000000000	1.000000000000
24	26	60
0.696187089000	0.332945924000	-0.635980828000	-0.116319764000
-0.509543295000	0.853244060000	-0.111094081000	0.094905993000
0.505659395000	0.401400397000	0.763668040000	-0.271294351000
0.000000000000	0.000000000000	0.000000000000	1.000000000000
24	52	60
0.955882055000	-0.128668327000	0.264078915000	-1.469718280000
0.210805425000	0.926526987000	-0.311620878000	0.979170350000
-0.204577905000	0.353539293000	0.912774669000	-1.022941170000
0.000000000000	0.000000000000	0.000000000000	1.000000000000
24	54	60
0.595171731000	-0.410316395000	0.690951158000	-1.687183250000
0.564959556000	0.825111059000	0.003338582540	0.635942242000
-0.571479857000	0.388369725000	0.722897259000	-0.538827098000
0.000000000000	0.000000000000	0.000000000000	1.000000000000
24	55	60
0.539824728000	-0.184045779000	0.821411299000	-1.771963990000
0.590708827000	0.778018706000	-0.213887950000	0.534270247000
-0.599706478000	0.600676258000	0.528715814000	-0.634057302000
0.000000000000	0.000000000000	0.000000000000	1.000000000000
24	56	60
0.634120826000	0.009882403580	0.773173229000	-1.733400190000
0.535170961000	0.716112598000	-0.448076531000	0.560947515000
-0.558103941000	0.697913761000	0.448816576000	-0.821962056000
0.000000000000	0.000000000000	0.000000000000	1.000000000000
24	57	60
0.662829573000	-0.012019002700	0.748674781000	-2.259135580000
0.539819424000	0.700574451000	-0.466678294000	0.562968157000
-0.518889731000	0.713476869000	0.470853227000	-0.777380472000
0.000000000000	0.000000000000	0.000000000000	1.000000000000
25	27	60
0.822821910000	0.267099807000	-0.501617809000	-0.126696597000
-0.278988464000	0.958835277000	0.052922995900	0.150290736000
0.495106380000	0.096398629200	0.863467189000	-0.304189618000
0.000000000000	0.000000000000	0.000000000000	1.000000000000
25	52	60
0.755524769000	-0.236542627000	0.610927660000	-1.771974660000
0.281318821000	0.959324309000	0.023533926100	0.456430822000
-0.591642114000	0.154083805000	0.791336517000	-0.534439896000
0.000000000000	0.000000000000	0.000000000000	1.000000000000
25	54	60
0.220011962000	-0.457448895000	0.861589905000	-1.730180440000
0.448591388000	0.831745050000	0.327053087000	0.247260996000
-0.866230686000	0.314544630000	0.388203113000	0.060508019000
0.000000000000	0.000000000000	0.000000000000	1.000000000000
25	55	60
0.153966079000	-0.171041264000	0.973159692000	-1.812641740000
0.455865910000	0.886110590000	0.083618612700	0.109883214000
-0.876626173000	0.430755299000	0.214406262000	0.030156444100
0.000000000000	0.000000000000	0.000000000000	1.000000000000
25	56	60
0.267337803000	0.052755954500	0.962159127000	-1.844097940000
0.430528153000	0.886756934000	-0.168242587000	0.083879130100
-0.862073272000	0.459213384000	0.214352120000	-0.159161346000
0.000000000000	0.000000000000	0.000000000000	1.000000000000
25	57	60
0.304939774000	0.041599319700	0.951463584000	-2.310861490000
0.451141695000	0.873533298000	-0.182780384000	0.019544512800
-0.838733975000	0.484981156000	0.247609707000	0.078285939000
0.000000000000	0.000000000000	0.000000000000	1.000000000000
25	58	60
-0.104054360000	0.013541260300	0.994480860000	-2.469478190000
0.463269701000	0.885467386000	0.036417330700	-0.207022947000
-0.880083841000	0.464501459000	-0.098407172600	0.438929846000
0.000000000000	0.000000000000	0.000000000000	1.000000000000
25	59	60
0.481814148000	-0.148231376000	0.863646390000	-2.262850000000
0.304012460000	0.952645988000	-0.006094722350	0.051778962800
-0.821842661000	0.265495490000	0.504063405000	0.139684697000
0.000000000000	0.000000000000	0.000000000000	1.000000000000
26	42	60
0.998398626000	-0.034460071500	0.044852050700	-2.113653540000
0.037870267300	0.996267998000	-0.077552689700	0.382776707000
-0.042013104100	0.079128920000	0.995976682000	-0.715085994000
0.000000000000	0.000000000000	0.000000000000	1.000000000000
26	43	60
0.997869266000	-0.014410971600	0.063615365600	-2.194065380000
0.032684033500	0.954490775000	-0.296437406000	0.273888807000
-0.056451763200	0.297886588000	0.952928639000	-0.828557151000
0.000000000000	0.000000000000	0.000000000000	1.000000000000
26	59	60
0.125335573000	-0.265360418000	0.955969371000	-1.929948230000
0.368972237000	0.906915036000	0.203372707000	-0.472814325000
-0.920947905000	0.327236692000	0.211576531000	0.968785694000
0.000000000000	0.000000000000	0.000000000000	1.000000000000
27	29	60
0.817917574000	-0.004398553780	-0.575318272000	-0.134579708000
-0.103422451000	0.982557393000	-0.154544999000	-0.067504944600
0.565964675000	0.185907336000	0.803195858000	0.033411533100
0.000000000000	0.000000000000	0.000000000000	1.000000000000
27	42	60
0.962607373000	-0.088912375500	0.255889186000	-2.100436600000
0.101499157000	0.994169582000	-0.036381512700	0.154607631000
-0.251163609000	0.060995692800	0.966019904000	-0.178168374000
0.000000000000	0.000000000000	0.000000000000	1.000000000000
27	43	60
0.959469840000	-0.020978711900	0.281020821000	-2.194582320000
0.095742111000	0.962173765000	-0.255052175000	0.036439240100
-0.265043985000	0.271622339000	0.925187664000	-0.269662540000
