0	4	55
0.458041012000	-0.007878719110	0.888896463000	-0.576370872000
0.192570339000	0.977091667000	-0.090571464500	-0.037661409000
-0.867823825000	0.212660681000	0.449064766000	0.269341155000
0.000000000000	0.000000000000	0.000000000000	1.000000000000
0	9	55
0.626343049000	-0.326167131000	0.708030087000	-0.414316078000
0.069967666100	0.928114696000	0.365655381000	-0.214901144000
-0.776400871000	-0.179487156000	0.604140295000	-0.482122688000
0.000000000000	0.000000000000	0.000000000000	1.000000000000
0	11	55
0.924171750000	0.350696464000	-0.151382268000	-0.831110640000
-0.287859247000	0.899938515000	0.327480466000	-0.225270956000
0.251081809000	-0.259072643000	0.932652061000	0.040026732200
0.000000000000	0.000000000000	0.000000000000	1.000000000000
0	18	55
-0.597570311000	-0.159602923000	0.785770891000	-1.989207090000
0.211848471000	0.913737185000	0.346700807000	-0.421447819000
-0.773321673000	0.373642818000	-0.512214026000	2.260475180000
0.000000000000	0.000000000000	0.000000000000	1.000000000000
0	20	55
-0.481781955000	-0.018363824900	0.876098123000	-1.827778500000
0.206762106000	0.969167906000	0.134015087000	-0.482231259000
-0.851547529000	0.245710021000	-0.463134108000	2.258561970000
0.000000000000	0.000000000000	0.000000000000	1.000000000000
0	34	55
0.965626859000	-0.055775207600	0.253849668000	-2.275332860000
-0.018844550100	0.959102345000	0.282417918000	0.275175321000
-0.259224826000	-0.277493204000	0.925092826000	-0.447121950000
0.000000000000	0.000000000000	0.000000000000	1.000000000000
0	43	55
0.996138870000	0.023796740400	0.084422737800	0.305438375000
-0.069114165000	0.805597257000	0.588408655000	-0.384778323000
-0.054013123600	-0.591975818000	0.804141522000	-0.709902615000
0.000000000000	0.000000000000	0.000000000000	1.000000000000
0	46	55
0.832423104000	0.285793917000	-0.474739155000	-0.061343728500
-0.189008187000	0.951792973000	0.241572010000	-0.059997735400
0.520894230000	-0.111360118000	0.846322664000	-0.231426505000
0.000000000000	0.000000000000	0.000000000000	1.000000000000
0	53	55
0.785431961000	0.252454508000	-0.565108745000	-0.285221652000
-0.181025332000	0.966803524000	0.180305270000	0.047813410200
0.591870022000	-0.039319174200	0.805072102000	-0.317850939000
0.000000000000	0.000000000000	0.000000000000	1.000000000000
1	9	55
0.688465319000	-0.410756294000	0.597738797000	-0.038492787600
0.103662205000	0.871431923000	0.479435957000	-0.390696958000
-0.717821875000	-0.268113475000	0.642530404000	-0.301401833000
0.000000000000	0.000000000000	0.000000000000	1.000000000000
1	11	55
0.921390058000	0.269421624000	-0.280088703000	-0.501317719000
-0.161083280000	0.920628065000	0.355660223000	-0.423511251000
0.353680890000	-0.282585786000	0.891658425000	0.179411157000
0.000000000000	0.000000000000	0.000000000000	1.000000000000
1	18	55
-0.537814113000	-0.299612795000	0.788027651000	-1.844867300000
0.097422092900	0.906371109000	0.411095076000	-0.640005396000
-0.837413117000	0.297862834000	-0.458273026000	2.290823840000
0.000000000000	0.000000000000	0.000000000000	1.000000000000
1	20	55
-0.414987777000	-0.153604527000	0.896766289000	-1.678159760000
0.102165360000	0.971544030000	0.213690400000	-0.680968131000
-0.904070992000	0.180296152000	-0.387488529000	2.307797420000
0.000000000000	0.000000000000	0.000000000000	1.000000000000
1	34	55
0.982432646000	-0.137276665000	0.126359432000	-1.937538950000
0.083666317700	0.929469906000	0.359278278000	-0.126617708000
-0.166772636000	-0.342394408000	0.924633827000	-0.470711106000
0.000000000000	0.000000000000	0.000000000000	1.000000000000
1	36	55
0.382047996000	-0.331389014000	0.862674197000	-1.362389570000
0.147739449000	0.943385811000	0.296965093000	-0.311161663000
-0.912255342000	0.013998458600	0.409379414000	0.634791997000
0.000000000000	0.000000000000	0.000000000000	1.000000000000
1	43	55
0.997890810000	-0.009704159970	-0.064080550500	0.715074498000
0.048322953200	0.770262924000	0.635885785000	-0.484640912000
0.043183855000	-0.637645242000	0.769115070000	-0.450057902000
0.000000000000	0.000000000000	0.000000000000	1.000000000000
1	46	55
0.792492129000	0.184610337000	-0.581256826000	0.267664070000
-0.059877341600	0.972028239000	0.227088146000	-0.181497240000
0.606921182000	-0.145162197000	0.781387497000	-0.029489063000
0.000000000000	0.000000000000	0.000000000000	1.000000000000
1	53	55
0.738056726000	0.142757665000	-0.659452676000	0.042652290200
-0.053865443800	0.986703556000	0.153316861000	-0.106076930000
0.672572469000	-0.077636569300	0.735944108000	-0.143046023000
0.000000000000	0.000000000000	0.000000000000	1.000000000000
2	18	55
-0.666435664000	-0.142359414000	0.731844247000	-1.239835620000
0.348239901000	0.808507698000	0.474387713000	-1.057632650000
-0.659233930000	0.571005141000	-0.489245807000	2.625308550000
0.000000000000	0.000000000000	0.000000000000	1.000000000000
2	19	55
-0.033314619500	-0.185162958000	0.982141682000	-1.006617560000
0.353622318000	0.916937240000	0.184866140000	-1.265322180000
-0.934794137000	0.353465787000	0.034927798700	2.636402860000
0.000000000000	0.000000000000	0.000000000000	1.000000000000
2	20	55
-0.557848972000	-0.013824362500	0.829826437000	-1.078150100000
0.363837996000	0.894586505000	0.259492742000	-1.110865970000
-0.745938646000	0.446678816000	-0.494016669000	2.597353970000
0.000000000000	0.000000000000	0.000000000000	1.000000000000
2	21	55
-0.895582146000	-0.075545584700	0.438431740000	-1.206632370000
0.261543588000	0.707798049000	0.656212964000	-0.992424168000
-0.359894162000	0.702362413000	-0.614134073000	2.564359540000
0.000000000000	0.000000000000	0.000000000000	1.000000000000
2	36	55
0.224877746000	-0.220652752000	0.949067147000	-1.031499400000
0.365471769000	0.922007345000	0.127765829000	-0.324100236000
-0.903248636000	0.318127993000	0.287984285000	1.043571550000
0.000000000000	0.000000000000	0.000000000000	1.000000000000
2	43	55
0.988675351000	-0.042110829500	0.143990486000	0.785674632000
-0.020686117200	0.912356186000	0.408862028000	-0.315701781000
-0.148591896000	-0.407214511000	0.901162286000	-0.446615687000
0.000000000000	0.000000000000	0.000000000000	1.000000000000
2	47	55
0.721041152000	0.343053755000	-0.601996943000	-0.189516296000
-0.273320391000	0.939195867000	0.207840140000	-0.083463102000
0.636697993000	0.014677365900	0.770971034000	0.257242453000
0.000000000000	0.000000000000	0.000000000000	1.000000000000
3	11	55
0.953250037000	0.255921314000	-0.160670466000	-0.303368703000
-0.163576932000	0.884098891000	0.437734425000	-0.263226752000
0.254075428000	-0.390989325000	0.884631352000	0.233510631000
0.000000000000	0.000000000000	0.000000000000	1.000000000000
3	18	55
-0.633029087000	-0.238508480000	0.736468300000	-1.385255570000
0.046731373400	0.937846578000	0.343890013000	-0.257200329000
-0.772713604000	0.252107671000	-0.582540456000	2.500565510000
0.000000000000	0.000000000000	0.000000000000	1.000000000000
3	20	55
-0.519137148000	-0.106297053000	0.848053589000	-1.218793680000
0.041633442800	0.987913763000	0.149311053000	-0.302451292000
-0.853674661000	0.112819465000	-0.508439221000	2.501047440000
0.000000000000	0.000000000000	0.000000000000	1.000000000000
3	34	55
0.956649696000	-0.154683682000	0.246734762000	-1.800123750000
0.035038869600	0.902249775000	0.429784881000	0.029204021600
-0.289100935000	-0.402508278000	0.868563579000	-0.264228629000
0.000000000000	0.000000000000	0.000000000000	1.000000000000
3	36	55
0.271878328000	-0.303624565000	0.913169661000	-1.099628330000
0.058349427000	0.952374371000	0.299286592000	-0.083458599200
-0.960559354000	-0.028084478600	0.276648511000	0.776734399000
0.000000000000	0.000000000000	0.000000000000	1.000000000000
3	43	55
0.996630984000	-0.067955110400	0.045752108100	0.825578020000
0.016642398600	0.714809820000	0.699115871000	-0.418846962000
-0.080216034100	-0.696003020000	0.713540424000	-0.528616531000
0.000000000000	0.000000000000	0.000000000000	1.000000000000
3	44	55
0.956485658000	-0.251907109000	0.147187319000	0.824044519000
0.165017502000	0.883143365000	0.439112571000	-0.360866504000
-0.240607670000	-0.395716760000	0.886289331000	-0.562556965000
0.000000000000	0.000000000000	0.000000000000	1.000000000000
3	46	55
0.858654434000	0.189751745000	-0.476118575000	0.440303524000
-0.037328313200	0.949625075000	0.311149846000	-0.066462218200
0.511176474000	-0.249398061000	0.822491116000	-0.085514848900
0.000000000000	0.000000000000	0.000000000000	1.000000000000
3	53	55
0.812770364000	0.156796819000	-0.561072033000	0.205105425000
-0.024004212000	0.971290481000	0.236668575000	0.007175289130
0.582074732000	-0.178890594000	0.793210748000	-0.177564241000
0.000000000000	0.000000000000	0.000000000000	1.000000000000
4	7	55
0.914281804000	-0.080350028300	0.397026899000	0.761938169000
-0.083011222300	0.922162730000	0.377787219000	-0.058059192700
-0.396477576000	-0.378360999000	0.836449309000	-0.409332670000
0.000000000000	0.000000000000	0.000000000000	1.000000000000
4	8	55
0.987227314000	-0.078253817400	0.138769824000	0.818173189000
-0.014115511600	0.824657884000	0.565456975000	-0.326654002000
-0.158686398000	-0.560193010000	0.813020491000	-0.257123669000
0.000000000000	0.000000000000	0.000000000000	1.000000000000
4	10	55
0.794048471000	0.326015421000	-0.513027576000	0.548042225000
-0.137109254000	0.918315023000	0.371349519000	-0.309828746000
0.592186235000	-0.224528474000	0.773887291000	-0.212867856000
0.000000000000	0.000000000000	0.000000000000	1.000000000000
4	19	55
0.910888851000	-0.012528138500	0.412458926000	-2.450735330000
-0.066358521400	0.982083534000	0.176379718000	-0.126243287000
-0.407277246000	-0.188031579000	0.893736905000	-0.075718868300
0.000000000000	0.000000000000	0.000000000000	1.000000000000
4	38	55
0.776686184000	-0.267684493000	0.570171717000	0.544562532000
0.068955522900	0.935898633000	0.345452185000	-0.094223066100
-0.626095350000	-0.228987294000	0.745355284000	0.075582753000
0.000000000000	0.000000000000	0.000000000000	1.000000000000
4	39	55
0.998716058000	-0.000062162125	0.050591333700	1.022263880000
-0.021065687100	0.908696810000	0.416920916000	-0.142874956000
-0.046000147800	-0.417450299000	0.907526686000	0.217414221000
0.000000000000	0.000000000000	0.000000000000	1.000000000000
4	40	55
0.998367238000	0.026261470600	0.050649605100	1.285657380000
-0.053015241500	0.755098920000	0.653461960000	-0.326075441000
-0.021087977700	-0.655077709000	0.755257400000	0.115075379000
0.000000000000	0.000000000000	0.000000000000	1.000000000000
4	41	55
0.998711682000	0.040819831700	0.029995260900	1.240898000000
-0.048786397600	0.615605979000	0.786540410000	-0.537941349000
0.013638364100	-0.786988900000	0.616804841000	0.269462133000
0.000000000000	0.000000000000	0.000000000000	1.000000000000
4	43	55
0.489834830000	0.679764072000	-0.545871142000	1.186866510000
-0.086863798500	0.661069157000	0.745276795000	-0.554359266000
0.867468919000	-0.317646337000	0.382863415000	0.375530876000
0.000000000000	0.000000000000	0.000000000000	1.000000000000
4	44	55
0.634435077000	0.351145428000	-0.688607946000	1.223357220000
0.051640292800	0.869610458000	0.491025042000	-0.499354729000
0.771241813000	-0.347081944000	0.533579163000	0.362922589000
0.000000000000	0.000000000000	0.000000000000	1.000000000000
4	45	55
0.439784691000	0.355541054000	-0.824725156000	1.197089300000
-0.065096011400	0.928502161000	0.365570579000	-0.248184667000
0.895733394000	-0.107085058000	0.431486612000	0.337058074000
0.000000000000	0.000000000000	0.000000000000	1.000000000000
5	36	55
0.967446309000	0.136747076000	-0.212942615000	-0.574460826000
-0.089079201800	0.971594502000	0.219239649000	0.120108272000
0.236872527000	-0.193131607000	0.952144260000	-1.193486010000
0.000000000000	0.000000000000	0.000000000000	1.000000000000
5	42	55
0.379462163000	0.814458673000	-0.438931922000	0.681485637000
-0.133103214000	0.517534162000	0.845243719000	-0.534540611000
0.915577756000	-0.262313307000	0.304790174000	0.551092650000
0.000000000000	0.000000000000	0.000000000000	1.000000000000
5	43	55
0.108587514000	0.776516948000	-0.620664319000	0.731351166000
-0.111750438000	0.629932667000	0.768565697000	-0.594875201000
0.987779105000	-0.014096693200	0.155177997000	0.624892127000
0.000000000000	0.000000000000	0.000000000000	1.000000000000
5	44	55
0.284860485000	0.494340959000	-0.821263461000	0.772109120000
0.020212231800	0.853472832000	0.520741230000	-0.541575264000
0.958350402000	-0.164936888000	0.233127974000	0.628627453000
0.000000000000	0.000000000000	0.000000000000	1.000000000000
6	36	55
0.955835445000	0.189975600000	-0.224244407000	-0.907775057000
-0.166532451000	0.978781119000	0.119374326000	0.255710852000
0.242163484000	-0.076756030900	0.967187929000	-0.897881115000
0.000000000000	0.000000000000	0.000000000000	1.000000000000
6	42	55
0.350400299000	0.845457433000	-0.403011117000	0.271810182000
-0.257156913000	0.500598066000	0.826599196000	-0.660177142000
0.900600514000	-0.186001406000	0.392822745000	0.781182704000
0.000000000000	0.000000000000	0.000000000000	1.000000000000
6	43	55
0.079300458800	0.807319547000	-0.584757632000	0.316809521000
-0.229994835000	0.585594121000	0.777288707000	-0.731129232000
0.969948881000	0.072852926300	0.232115774000	0.848369511000
0.000000000000	0.000000000000	0.000000000000	1.000000000000
6	44	55
0.262635025000	0.540407010000	-0.799359879000	0.360095098000
-0.104997169000	0.839529100000	0.533067853000	-0.680832539000
0.959160178000	-0.056070036000	0.277229225000	0.858983074000
0.000000000000	0.000000000000	0.000000000000	1.000000000000
7	36	55
0.968463382000	0.017312476200	-0.248553165000	-1.246492670000
-0.059768518100	0.984596231000	-0.164296562000	0.383243070000
0.241876807000	0.173974445000	0.954576426000	-0.874225902000
0.000000000000	0.000000000000	0.000000000000	1.000000000000
7	42	55
0.383308209000	0.746770773000	-0.543513421000	0.062347429300
-0.411117720000	0.664895078000	0.623611935000	-0.711862295000
0.827071091000	-0.015585901500	0.561869565000	0.587691420000
0.000000000000	0.000000000000	0.000000000000	1.000000000000
7	43	55
0.111125366000	0.692562199000	-0.712745347000	0.118521416000
-0.447678674000	0.675181543000	0.586267565000	-0.788776488000
0.887254584000	0.253932194000	0.385076114000	0.637710335000
0.000000000000	0.000000000000	0.000000000000	1.000000000000
8	10	55
0.691870858000	0.344518673000	-0.634523283000	-0.273941405000
-0.506944510000	0.857562210000	-0.087144065300	0.010222114500
0.514119832000	0.381961232000	0.767975209000	0.008008893900
0.000000000000	0.000000000000	0.000000000000	1.000000000000
8	18	55
0.574370386000	-0.223294904000	0.787551437000	-3.219806790000
0.507524058000	0.851990610000	-0.128577986000	0.613288909000
-0.642273727000	0.473552352000	0.602685782000	-0.291765567000
0.000000000000	0.000000000000	0.000000000000	1.000000000000
8	20	55
0.682267257000	-0.049659315300	0.729414391000	-3.179372770000
0.441332345000	0.823380982000	-0.356749245000	0.474940567000
-0.582868529000	0.565312717000	0.583681555000	-0.196990670000
0.000000000000	0.000000000000	0.000000000000	1.000000000000
8	36	55
0.999547376000	0.029103634200	0.007389747160	-1.474466540000
-0.024479742800	0.932332382000	-0.360759032000	0.748350067000
-0.017393236900	0.360419471000	0.932623388000	-0.429275525000
0.000000000000	0.000000000000	0.000000000000	1.000000000000
8	43	55
0.347149377000	0.712157396000	-0.610175400000	0.266805035000
-0.595914818000	0.669904331000	0.442836819000	-0.571039424000
0.724126261000	0.209882875000	0.656946504000	0.436767074000
0.000000000000	0.000000000000	0.000000000000	1.000000000000
8	44	55
0.503217774000	0.389462871000	-0.771416895000	0.304054046000
-0.439106229000	0.884084771000	0.159906112000	-0.521472018000
0.744275694000	0.258269781000	0.615905856000	0.462682705000
0.000000000000	0.000000000000	0.000000000000	1.000000000000
9	18	55
0.240945533000	-0.326129932000	0.914104501000	-3.130230360000
0.530329052000	0.833048585000	0.157422708000	-0.170283766000
-0.812831229000	0.446844513000	0.373676216000	0.466316410000
0.000000000000	0.000000000000	0.000000000000	1.000000000000
9	19	55
0.811910550000	-0.149999344000	0.564184093000	-3.062348500000
0.295928730000	0.938804542000	-0.176269141000	-0.446706063000
-0.503216379000	0.310073919000	0.806614094000	0.595280031000
0.000000000000	0.000000000000	0.000000000000	1.000000000000
9	20	55
0.373847613000	-0.134460128000	0.917693423000	-3.031888030000
0.501882547000	0.861389624000	-0.078245581800	-0.279007165000
-0.779968575000	0.489825687000	0.389511824000	0.557231416000
0.000000000000	0.000000000000	0.000000000000	1.000000000000
9	37	55
0.609142297000	-0.364739290000	0.704206021000	-0.827596832000
0.484837358000	0.873966463000	0.033279183300	0.040895988500
-0.627593590000	0.321159957000	0.709207626000	0.263496105000
0.000000000000	0.000000000000	0.000000000000	1.000000000000
9	38	55
0.623269655000	-0.402125774000	0.670689955000	-0.117225087000
0.488454513000	0.869955995000	0.067680735400	0.066821423500
-0.610688605000	0.285425130000	0.738637009000	0.353830795000
0.000000000000	0.000000000000	0.000000000000	1.000000000000
9	39	55
0.965754216000	-0.176682189000	0.189997195000	0.381688226000
0.187413425000	0.981464905000	-0.039944238400	0.048377305600
-0.179421506000	0.074187977200	0.980966002000	0.391621369000
0.000000000000	0.000000000000	0.000000000000	1.000000000000
9	40	55
0.973689384000	-0.183366112000	0.135280303000	0.636250827000
0.148187785000	0.960537377000	0.235374509000	-0.015962498000
-0.173105340000	-0.209130703000	0.962439800000	0.180741533000
0.000000000000	0.000000000000	0.000000000000	1.000000000000
9	41	55
0.980601455000	-0.181615580000	0.073694013800	0.645340677000
0.136149673000	0.901663589000	0.410436141000	-0.279019352000
-0.140992566000	-0.392438122000	0.908903205000	0.218744965000
0.000000000000	0.000000000000	0.000000000000	1.000000000000
9	42	55
0.843764873000	0.438466946000	-0.309525486000	0.524795825000
-0.270154814000	0.845286057000	0.460975096000	-0.294349190000
0.463757330000	-0.305335104000	0.831679422000	0.304911422000
0.000000000000	0.000000000000	0.000000000000	1.000000000000
10	11	55
0.720020410000	0.398496900000	-0.568128745000	-0.468383503000
-0.382665132000	0.910962376000	0.153994175000	-0.068015877000
0.578910756000	0.106523751000	0.808403486000	0.210035455000
0.000000000000	0.000000000000	0.000000000000	1.000000000000
10	34	55
0.978454378000	0.042536851000	-0.202011506000	-1.552459610000
-0.025133305500	0.995805421000	0.087943480100	0.597455664000
0.204900675000	-0.080968130600	0.975425561000	-0.767444920000
0.000000000000	0.000000000000	0.000000000000	1.000000000000
10	46	55
0.512784431000	0.272044493000	-0.814268990000	0.334668040000
-0.331326740000	0.937693282000	0.104628769000	0.100923757000
0.791997021000	0.216138873000	0.570977645000	0.351851789000
0.000000000000	0.000000000000	0.000000000000	1.000000000000
10	53	55
0.438526016000	0.209226636000	-0.874020569000	0.170503869000
-0.334175183000	0.940749222000	0.057532348900	0.235779692000
0.834270329000	0.266846962000	0.482469985000	0.196681450000
0.000000000000	0.000000000000	0.000000000000	1.000000000000
11	18	55
-0.807408086000	-0.316713914000	0.497779810000	-0.456296556000
0.181430908000	0.669538136000	0.720279404000	-1.157946240000
-0.561401650000	0.671872138000	-0.483130645000	2.181975570000
0.000000000000	0.000000000000	0.000000000000	1.000000000000
11	19	55
-0.238895076000	-0.413387369000	0.878657097000	-0.171597531000
0.408078871000	0.778336826000	0.477141243000	-1.282948350000
-0.881135111000	0.472549473000	-0.017249163700	2.150833690000
0.000000000000	0.000000000000	0.000000000000	1.000000000000
11	20	55
-0.718576493000	-0.234262349000	0.654804525000	-0.290091822000
0.237726345000	0.802098681000	0.547836801000	-1.155539520000
-0.653553106000	0.549326895000	-0.520680868000	2.135848330000
0.000000000000	0.000000000000	0.000000000000	1.000000000000
11	21	55
-0.966117786000	-0.208914111000	0.151558549000	-0.451047323000
0.001308961440	0.583238368000	0.812299788000	-1.080456530000
-0.258092931000	0.784977327000	-0.563203125000	2.126865020000
0.000000000000	0.000000000000	0.000000000000	1.000000000000
11	33	55
0.977939192000	-0.165517019000	-0.127387679000	-1.916275190000
0.176218746000	0.981265600000	0.077846157700	0.012865570400
0.112117169000	-0.098576396700	0.988793468000	0.007151280770
0.000000000000	0.000000000000	0.000000000000	1.000000000000
11	43	55
0.926938475000	-0.358540871000	0.110547380000	0.907990522000
0.301138328000	0.886701178000	0.350810207000	0.449323689000
-0.223806732000	-0.291890966000	0.929897065000	-0.923711865000
0.000000000000	0.000000000000	0.000000000000	1.000000000000
11	44	55
0.823647762000	-0.485133869000	0.293662226000	0.888421093000
0.484753913000	0.871038419000	0.079358177200	0.513462052000
-0.294295156000	0.076993156000	0.952606047000	-0.928110204000
0.000000000000	0.000000000000	0.000000000000	1.000000000000
11	45	55
0.941456052000	-0.267849682000	0.204706618000	0.800580259000
0.294272504000	0.949204249000	-0.111383119000	0.702167261000
-0.164478510000	0.165105316000	0.972463015000	-0.782784113000
0.000000000000	0.000000000000	0.000000000000	1.000000000000
11	52	55
0.655614845000	0.015474186400	-0.754928615000	-0.207031386000
-0.235014218000	0.954310053000	-0.184535660000	0.372168933000
0.717585281000	0.298405790000	0.629303996000	-0.359778464000
0.000000000000	0.000000000000	0.000000000000	1.000000000000
12	22	55
-0.443939980000	0.515647069000	-0.732819432000	0.654084067000
-0.423468634000	0.600002866000	0.678727449000	-0.529991033000
0.789677328000	0.611641168000	-0.048005398900	1.163284500000
0.000000000000	0.000000000000	0.000000000000	1.000000000000
12	25	55
0.551790800000	0.560056033000	-0.617950385000	-0.606953518000
-0.347003084000	0.827958966000	0.440536551000	-0.567574320000
0.758362988000	-0.028651972000	0.651201150000	1.260125950000
0.000000000000	0.000000000000	0.000000000000	1.000000000000
12	30	55
0.491575273000	-0.641318655000	0.589118569000	-1.635898880000
0.543449800000	0.754520446000	0.367909555000	-1.243318510000
-0.680445222000	0.139301977000	0.719429279000	2.453456070000
0.000000000000	0.000000000000	0.000000000000	1.000000000000
12	34	55
0.139653337000	-0.482560989000	0.864652262000	-1.621156690000
0.548846676000	0.764523578000	0.338032535000	-0.068850743700
-0.824167118000	0.427356049000	0.371626402000	0.474699079000
0.000000000000	0.000000000000	0.000000000000	1.000000000000
12	46	55
0.826749227000	-0.201594309000	0.525199193000	-0.509263912000
0.300698130000	0.947384070000	-0.109704739000	0.916812917000
-0.475447749000	0.248629883000	0.843874439000	-1.214317380000
0.000000000000	0.000000000000	0.000000000000	1.000000000000
13	15	55
0.462801011000	0.356284992000	-0.811712473000	0.493284020000
-0.478697640000	0.871132093000	0.109438041000	-0.321450117000
0.746100571000	0.337918623000	0.573713299000	0.541686800000
0.000000000000	0.000000000000	0.000000000000	1.000000000000
13	16	55
0.324171839000	0.398153633000	-0.858129452000	0.797874237000
-0.511462362000	0.836867970000	0.195078021000	-0.126841095000
0.795813741000	0.375664747000	0.474930628000	0.283703719000
0.000000000000	0.000000000000	0.000000000000	1.000000000000
13	23	55
0.372938876000	0.364684158000	-0.853182383000	0.228253505000
-0.450717999000	0.874948790000	0.176970811000	-0.204270651000
0.811030230000	0.318548280000	0.490671921000	0.480065215000
0.000000000000	0.000000000000	0.000000000000	1.000000000000
13	27	55
0.984392288000	-0.175426653000	-0.014037516800	-0.157317167000
0.172761538000	0.978474797000	-0.112866037000	-0.735493773000
0.033535348200	0.108680486000	0.993510923000	1.355579370000
0.000000000000	0.000000000000	0.000000000000	1.000000000000
13	30	55
-0.026329907600	-0.669936024000	0.741949744000	-0.281629900000
0.636730875000	0.560928159000	0.529083260000	-1.181765820000
-0.770630538000	0.486355875000	0.411799793000	2.147701500000
0.000000000000	0.000000000000	0.000000000000	1.000000000000
13	31	55
-0.094736570400	-0.751582870000	0.652798541000	-0.330694398000
0.582005376000	0.490186162000	0.648830277000	-0.690449169000
-0.807640125000	0.441404422000	0.390988864000	1.467718310000
0.000000000000	0.000000000000	0.000000000000	1.000000000000
13	33	55
0.169646658000	-0.542497270000	0.822748379000	-1.418441230000
0.601818181000	0.718129653000	0.349424515000	-0.251188102000
-0.780399789000	0.435870044000	0.448315286000	0.787631982000
0.000000000000	0.000000000000	0.000000000000	1.000000000000
13	47	55
0.647879593000	-0.340471925000	0.681414418000	-1.375918040000
0.464059788000	0.885797268000	0.001373193200	0.756640308000
-0.604061890000	0.315330985000	0.731893802000	-0.861091261000
0.000000000000	0.000000000000	0.000000000000	1.000000000000
13	51	55
0.999225064000	0.006094351090	-0.038824246000	-1.844142460000
-0.020622647800	0.922257314000	-0.386012222000	0.492989028000
0.033454894400	0.386520521000	0.921670297000	-0.504891107000
0.000000000000	0.000000000000	0.000000000000	1.000000000000
14	22	55
0.719313364000	0.370726196000	-0.587495527000	0.096513199600
-0.220679196000	0.923837178000	0.312773061000	0.325626204000
0.658702195000	-0.095333291500	0.746338411000	-0.630387942000
0.000000000000	0.000000000000	0.000000000000	1.000000000000
14	27	55
0.698067770000	-0.427420500000	0.574466447000	0.307098231000
0.420231314000	0.894146370000	0.154623401000	-0.356519583000
-0.579745631000	0.133471810000	0.803789382000	1.101558900000
0.000000000000	0.000000000000	0.000000000000	1.000000000000
14	28	55
0.841464229000	-0.335332098000	0.423650855000	0.821786099000
0.251970683000	0.937160191000	0.241324681000	-0.559748453000
-0.477957343000	-0.096319482900	0.873082038000	1.629505430000
0.000000000000	0.000000000000	0.000000000000	1.000000000000
14	48	55
0.297494350000	-0.402151453000	0.865888048000	-2.203752640000
0.467273327000	0.852231750000	0.235270001000	0.007014656190
-0.832552843000	0.334617116000	0.441447084000	0.305021284000
0.000000000000	0.000000000000	0.000000000000	1.000000000000
14	50	55
0.886983879000	-0.083890304500	0.454106731000	-2.368826430000
0.211639872000	0.947854527000	-0.238275831000	-0.190796849000
-0.410439023000	0.307456527000	0.858486172000	0.671803064000
0.000000000000	0.000000000000	0.000000000000	1.000000000000
14	52	55
0.273727006000	-0.230105687000	0.933872784000	-2.461343770000
0.402044086000	0.909432472000	0.106243482000	0.000698661561
-0.873742019000	0.346378101000	0.341446769000	0.257733240000
0.000000000000	0.000000000000	0.000000000000	1.000000000000
15	17	55
0.863465289000	0.185732788000	-0.468967169000	-0.330734464000
-0.166511244000	0.982575741000	0.082564490100	0.332386959000
0.476132334000	0.006795208960	0.879347884000	-0.716233671000
0.000000000000	0.000000000000	0.000000000000	1.000000000000
15	26	55
0.548706237000	-0.444449115000	0.708083580000	0.134667166000
0.421882124000	0.878429554000	0.224449758000	-0.158396965000
-0.721759411000	0.175569796000	0.669506697000	0.672654387000
0.000000000000	0.000000000000	0.000000000000	1.000000000000
15	48	55
-0.067356012100	-0.370974913000	0.926189840000	-2.152227590000
0.503875471000	0.788573598000	0.352500026000	-0.303879381000
-0.861143018000	0.490428500000	0.133808782000	1.065519530000
0.000000000000	0.000000000000	0.000000000000	1.000000000000
15	50	55
0.658564299000	-0.096292017700	0.746330166000	-2.155267880000
0.332026847000	0.927201655000	-0.173349776000	-0.522586639000
-0.675309546000	0.361964399000	0.642596217000	1.456756170000
0.000000000000	0.000000000000	0.000000000000	1.000000000000
15	52	55
-0.095062370000	-0.214189078000	0.972149923000	-2.407377150000
0.435991433000	0.868968815000	0.234092130000	-0.345681048000
-0.894912753000	0.446102873000	0.010776256400	1.107714950000
0.000000000000	0.000000000000	0.000000000000	1.000000000000
16	21	55
0.755371839000	0.285126650000	-0.590012936000	-0.434778870000
-0.272341684000	0.955531095000	0.113097062000	0.215500682000
0.596022987000	0.075255363600	0.799432010000	-0.486339045000
0.000000000000	0.000000000000	0.000000000000	1.000000000000
16	25	55
0.691425171000	-0.553530195000	0.464256810000	0.112352553000
0.365916403000	0.822415317000	0.435591949000	-0.345216429000
-0.622925164000	-0.131301759000	0.771182950000	0.948282047000
0.000000000000	0.000000000000	0.000000000000	1.000000000000
16	47	55
-0.508046549000	-0.312480448000	0.802642041000	-2.067590150000
0.419391222000	0.724194928000	0.547402552000	-0.556202887000
-0.752324532000	0.614727072000	-0.236875867000	1.494044490000
0.000000000000	0.000000000000	0.000000000000	1.000000000000
16	50	55
0.537941472000	-0.102125704000	0.836766329000	-1.692439940000
0.384272055000	0.913207496000	-0.135584683000	-0.869904535000
-0.750297984000	0.394483175000	0.530497440000	2.069280200000
0.000000000000	0.000000000000	0.000000000000	1.000000000000
16	52	55
-0.243651212000	-0.203555072000	0.948255807000	-2.000474990000
0.443354426000	0.846210047000	0.295569240000	-0.703891327000
-0.862592201000	0.492429694000	-0.115936428000	1.762297350000
0.000000000000	0.000000000000	0.000000000000	1.000000000000
17	18	55
0.746432843000	0.267820202000	-0.609189040000	-0.234684615000
-0.308620565000	0.950358421000	0.039657705700	0.051435064900
0.589567648000	0.158408007000	0.792032719000	-0.187573445000
0.000000000000	0.000000000000	0.000000000000	1.000000000000
17	23	55
0.909363977000	-0.185511306000	0.372346830000	0.581798068000
0.199337597000	0.979932896000	0.001390675270	-0.313670849000
-0.365130806000	0.072958657300	0.928090438000	0.720933331000
0.000000000000	0.000000000000	0.000000000000	1.000000000000
17	34	55
-0.895024848000	0.283586485000	-0.344232743000	0.622745926000
-0.102331412000	0.620654511000	0.777378432000	-0.950544631000
0.434104275000	0.731000531000	-0.526482913000	2.294175760000
0.000000000000	0.000000000000	0.000000000000	1.000000000000
17	47	55
-0.785050853000	-0.161198581000	0.598079364000	-0.985497194000
0.348595420000	0.683152333000	0.641702826000	-0.902903768000
-0.512022678000	0.712257126000	-0.480117745000	2.299475880000
0.000000000000	0.000000000000	0.000000000000	1.000000000000
17	53	55
-0.892313897000	-0.052472248600	0.448339290000	-1.367555040000
0.241748500000	0.783222721000	0.572814584000	-0.934928379000
-0.381208718000	0.619518081000	-0.686200879000	2.553813590000
0.000000000000	0.000000000000	0.000000000000	1.000000000000
18	21	55
0.925185209000	-0.166193824000	0.341190836000	0.040760025600
0.133451283000	0.984069839000	0.117464816000	0.013192574300
-0.355277345000	-0.063143858900	0.932624266000	0.085052624600
0.000000000000	0.000000000000	0.000000000000	1.000000000000
18	34	55
-0.380559630000	0.451105364000	-0.807261213000	2.412410200000
-0.268190642000	0.781588350000	0.563197042000	-0.329477903000
0.885005694000	0.430832644000	-0.176460815000	1.403555830000
0.000000000000	0.000000000000	0.000000000000	1.000000000000
18	35	55
-0.277678520000	0.257317501000	-0.925569485000	1.974165810000
-0.299287130000	0.892338457000	0.337873861000	-0.371101468000
0.912858338000	0.370831650000	-0.170775643000	1.394584740000
0.000000000000	0.000000000000	0.000000000000	1.000000000000
18	43	55
-0.568137520000	0.614232820000	-0.547658334000	0.933616697000
-0.242317702000	0.511120566000	0.824640869000	-1.442581070000
0.786440614000	0.601218981000	-0.141550840000	3.337241120000
0.000000000000	0.000000000000	0.000000000000	1.000000000000
18	44	55
-0.411853621000	0.506510185000	-0.757505594000	0.963523130000
-0.134025987000	0.788570058000	0.600156468000	-1.396395270000
0.901334114000	0.348703695000	-0.256892724000	3.375822340000
0.000000000000	0.000000000000	0.000000000000	1.000000000000
18	46	55
-0.940294650000	0.116969656000	-0.319614508000	0.851582290000
-0.110930268000	0.782469624000	0.612725259000	-0.908498201000
0.321755547000	0.611598056000	-0.722778815000	2.916555850000
0.000000000000	0.000000000000	0.000000000000	1.000000000000
18	53	55
-0.965410197000	0.084361293600	-0.246691217000	1.075039310000
-0.069616591500	0.828423958000	0.555753365000	-0.806547875000
0.251244326000	0.553704907000	-0.793900917000	2.822285270000
0.000000000000	0.000000000000	0.000000000000	1.000000000000
18	54	55
-0.895851136000	0.160675936000	-0.414276141000	0.814849987000
-0.134720014000	0.790224020000	0.597821384000	-0.866239524000
0.423424708000	0.591369900000	-0.686282075000	3.105878230000
0.000000000000	0.000000000000	0.000000000000	1.000000000000
19	35	55
0.409652692000	0.201787993000	-0.889644812000	2.523078140000
-0.232885818000	0.966045781000	0.111884114000	0.460351455000
0.882008111000	0.161352540000	0.442736970000	-0.311694881000
0.000000000000	0.000000000000	0.000000000000	1.000000000000
19	44	55
0.260363458000	0.403508651000	-0.877146738000	3.192808440000
-0.102252290000	0.914892626000	0.390523755000	-0.494935754000
0.960075902000	-0.011987137500	0.279464854000	1.841633850000
0.000000000000	0.000000000000	0.000000000000	1.000000000000
19	45	55
0.040101664000	0.305858744000	-0.951229513000	3.162748020000
-0.237866809000	0.927546745000	0.288219232000	-0.243073590000
0.970463916000	0.214707848000	0.109950470000	1.851984320000
0.000000000000	0.000000000000	0.000000000000	1.000000000000
19	54	55
-0.395167040000	0.285493196000	-0.873117001000	2.788526030000
-0.264893497000	0.874683161000	0.405898368000	-0.046261930100
0.879581285000	0.391679410000	-0.270021035000	1.735397280000
0.000000000000	0.000000000000	0.000000000000	1.000000000000
20	21	55
0.863220421000	-0.224253893000	0.452281937000	0.139379378000
0.085596058200	0.947963526000	0.306657374000	0.092994694700
-0.497516339000	-0.225999545000	0.837495729000	-0.059583584200
0.000000000000	0.000000000000	0.000000000000	1.000000000000
20	34	55
-0.248377806000	0.461476227000	-0.851669520000	2.676249760000
-0.099688360200	0.862375186000	0.496355088000	0.077459407000
0.963513369000	0.208186975000	-0.168193900000	0.962491425000
0.000000000000	0.000000000000	0.000000000000	1.000000000000
20	35	55
-0.141273448000	0.256027203000	-0.956289304000	2.243309200000
-0.122017534000	0.954108234000	0.273473445000	0.023384141500
0.982416605000	0.155318166000	-0.103554898000	1.021731230000
0.000000000000	0.000000000000	0.000000000000	1.000000000000
20	37	55
0.960561816000	0.051776920500	-0.273192362000	1.213727440000
0.028316922000	0.959180082000	0.281366837000	-0.164706803000
0.276613132000	-0.278006233000	0.919883410000	1.883412860000
0.000000000000	0.000000000000	0.000000000000	1.000000000000
20	43	55
-0.448219664000	0.659198081000	-0.603779146000	1.520191560000
-0.098545797000	0.634869788000	0.766304354000	-0.674103657000
0.888467885000	0.402974403000	-0.219604261000	3.256756900000
0.000000000000	0.000000000000	0.000000000000	1.000000000000
20	44	55
-0.284279007000	0.505355615000	-0.814734188000	1.552375620000
0.034207682500	0.854600315000	0.518151271000	-0.620490184000
0.958125821000	0.119430258000	-0.260235335000	3.281370200000
0.000000000000	0.000000000000	0.000000000000	1.000000000000
20	45	55
-0.499058112000	0.310215785000	-0.809134324000	1.565377630000
-0.074863192000	0.914798167000	0.396904831000	-0.368720991000
0.863321763000	0.258652543000	-0.433317759000	3.251563060000
0.000000000000	0.000000000000	0.000000000000	1.000000000000
20	46	55
-0.883695186000	0.153931739000	-0.442015388000	1.356607830000
-0.070476748000	0.889840012000	0.450791880000	-0.235034464000
0.462711284000	0.429513894000	-0.775502095000	2.757348450000
0.000000000000	0.000000000000	0.000000000000	1.000000000000
20	53	55
-0.919844393000	0.111751365000	-0.376017450000	1.560354600000
-0.044437668000	0.922701180000	0.382937583000	-0.147671658000
0.389741145000	0.368952533000	-0.843781021000	2.615683850000
0.000000000000	0.000000000000	0.000000000000	1.000000000000
20	54	55
-0.825296107000	0.194189498000	-0.530252702000	1.342499180000
-0.072730663800	0.894630928000	0.440837574000	-0.157517554000
0.559985419000	0.402386276000	-0.724218096000	2.938373560000
0.000000000000	0.000000000000	0.000000000000	1.000000000000
21	34	55
-0.702302230000	0.368595862000	-0.609014029000	1.680051930000
-0.256555044000	0.666961732000	0.699528212000	-0.814618576000
0.664033490000	0.647528659000	-0.373847008000	1.998607050000
0.000000000000	0.000000000000	0.000000000000	1.000000000000
21	35	55
-0.621163410000	0.225402969000	-0.750560934000	1.272226840000
-0.306012967000	0.811942342000	0.497097647000	-0.782179528000
0.721459044000	0.538460567000	-0.435378201000	1.835825770000
0.000000000000	0.000000000000	0.000000000000	1.000000000000
21	36	55
0.219265575000	0.324265553000	-0.920198822000	0.565275565000
-0.392717171000	0.892706738000	0.221005410000	-0.608338236000
0.893137965000	0.312919270000	0.323082206000	1.449316610000
0.000000000000	0.000000000000	0.000000000000	1.000000000000
21	43	55
-0.837375840000	0.422889969000	-0.346345515000	-0.523649372000
-0.193696366000	0.362933224000	0.911458491000	-1.786325630000
0.511148198000	0.830322820000	-0.222004247000	3.166711780000
0.000000000000	0.000000000000	0.000000000000	1.000000000000
21	45	55
-0.866722921000	0.217404325000	-0.448905707000	-0.455920116000
-0.154162396000	0.739172305000	0.655632310000	-1.505793510000
0.474357425000	0.637456805000	-0.607147071000	3.276446900000
0.000000000000	0.000000000000	0.000000000000	1.000000000000
21	46	55
-0.999063998000	-0.004646174070	0.042854309000	-0.378811522000
0.026790027200	0.711945561000	0.701721003000	-1.220553790000
-0.033773120900	0.702214589000	-0.711159147000	2.809115840000
0.000000000000	0.000000000000	0.000000000000	1.000000000000
21	47	55
-0.946384486000	-0.066875422200	0.316029267000	0.157141952000
0.199267107000	0.649154914000	0.734089090000	-1.053912160000
-0.254247440000	0.757705426000	-0.601027617000	2.459290890000
0.000000000000	0.000000000000	0.000000000000	1.000000000000
21	53	55
-0.991736047000	-0.008114087040	0.127986994000	-0.124974441000
0.076071948300	0.766242701000	0.638028374000	-1.151411900000
-0.103250098000	0.642494195000	-0.759300920000	2.809413780000
0.000000000000	0.000000000000	0.000000000000	1.000000000000
21	54	55
-0.997241106000	0.044011725900	-0.059680753200	-0.474418294000
-0.010426756200	0.713590052000	0.700482072000	-1.184818350000
0.073415578500	0.699172348000	-0.711169736000	2.978114160000
0.000000000000	0.000000000000	0.000000000000	1.000000000000
22	24	55
0.798544285000	-0.199559195000	0.567891487000	0.602578644000
0.342737683000	0.926314763000	-0.156434588000	-0.651758012000
-0.494827696000	0.319558991000	0.808100329000	0.889514698000
0.000000000000	0.000000000000	0.000000000000	1.000000000000
22	33	55
-0.959288630000	-0.036482629300	0.280040330000	0.600200982000
0.246422609000	0.376248598000	0.893146654000	-1.296765030000
-0.137951081000	0.925797912000	-0.351942657000	2.005133070000
0.000000000000	0.000000000000	0.000000000000	1.000000000000
22	47	55
-0.696456628000	-0.207055668000	0.687069812000	-1.320779120000
0.485193738000	0.569556768000	0.663466501000	-1.149599250000
-0.528702080000	0.795440004000	-0.296210635000	1.850241950000
0.000000000000	0.000000000000	0.000000000000	1.000000000000
22	48	55
-0.437531398000	-0.256929196000	0.861707828000	-0.968142551000
0.621343011000	0.606333976000	0.496272914000	-1.236288390000
-0.649993715000	0.752555070000	-0.105649692000	1.949876070000
0.000000000000	0.000000000000	0.000000000000	1.000000000000
22	49	55
0.032070222500	-0.242228551000	0.969682601000	-0.780317946000
0.631390373000	0.756996438000	0.168219508000	-1.411783920000
-0.774797178000	0.606857096000	0.177219516000	2.142777630000
0.000000000000	0.000000000000	0.000000000000	1.000000000000
22	51	55
0.126529378000	-0.134082800000	0.982852680000	-0.922686765000
0.569463957000	0.821101580000	0.038708004800	-1.477748720000
-0.812216093000	0.554804532000	0.180250983000	2.236849230000
0.000000000000	0.000000000000	0.000000000000	1.000000000000
22	52	55
-0.467364258000	-0.138050486000	0.873213061000	-1.183186140000
0.556197463000	0.721838605000	0.411810700000	-1.333110820000
-0.687173559000	0.678147475000	-0.260580614000	2.063941270000
0.000000000000	0.000000000000	0.000000000000	1.000000000000
23	25	55
0.731231652000	-0.486318724000	0.478324071000	0.082457679900
0.306830810000	0.860776340000	0.406098772000	-0.131237333000
-0.609226007000	-0.150188656000	0.778645627000	0.384498283000
0.000000000000	0.000000000000	0.000000000000	1.000000000000
