0	30	60
5000.000000000000	0.000000000000	0.000000000000	0.000000000000	12744.660200000000	-1672.731570000000
0.000000000000	5000.000000000000	0.000000000000	-12744.660200000000	0.000000000000	-5858.469730000000
0.000000000000	0.000000000000	5000.000000000000	1672.731570000000	5858.469730000000	0.000000000000
0.000000000000	-12744.660200000000	1672.731570000000	33810.699200000003	2054.622310000000	15214.499000000000
12744.660200000000	0.000000000000	5858.469730000000	2054.622310000000	40308.414100000002	-4248.522460000000
-1672.731570000000	-5858.469730000000	0.000000000000	15214.499000000000	-4248.522460000000	7972.482910000000
0	31	60
5000.000000000000	0.000000000000	0.000000000000	0.000000000000	11775.328100000001	-1012.331420000000
0.000000000000	5000.000000000000	0.000000000000	-11775.328100000001	0.000000000000	-3992.200930000000
0.000000000000	0.000000000000	5000.000000000000	1012.331420000000	3992.200930000000	0.000000000000
0.000000000000	-11775.328100000001	1012.331420000000	29121.611300000000	1300.829960000000	9872.862300000001
11775.328100000001	0.000000000000	3992.200930000000	1300.829960000000	32766.716799999998	-2424.805180000000
-1012.331420000000	-3992.200930000000	0.000000000000	9872.862300000001	-2424.805180000000	5002.444820000000
0	33	60
5000.000000000000	0.000000000000	0.000000000000	0.000000000000	10770.032200000000	-1061.821780000000
0.000000000000	5000.000000000000	0.000000000000	-10770.032200000000	0.000000000000	-2316.837650000000
0.000000000000	0.000000000000	5000.000000000000	1061.821780000000	2316.837650000000	0.000000000000
0.000000000000	-10770.032200000000	1061.821780000000	24489.468799999999	911.144287000000	5323.265140000000
10770.032200000000	0.000000000000	2316.837650000000	911.144287000000	25788.863300000001	-2317.833010000000
-1061.821780000000	-2316.837650000000	0.000000000000	5323.265140000000	-2317.833010000000	2844.026120000000
0	34	60
5000.000000000000	0.000000000000	0.000000000000	0.000000000000	11438.655300000000	328.855835000000
0.000000000000	5000.000000000000	0.000000000000	-11438.655300000000	0.000000000000	1113.335690000000
0.000000000000	0.000000000000	5000.000000000000	-328.855835000000	-1113.335690000000	0.000000000000
0.000000000000	-11438.655300000000	-328.855835000000	27409.847699999998	143.385086000000	-2757.857420000000
11438.655300000000	0.000000000000	-1113.335690000000	143.385086000000	28871.722699999998	1071.766850000000
328.855835000000	1113.335690000000	0.000000000000	-2757.857420000000	1071.766850000000	2511.013670000000
0	35	60
5000.000000000000	0.000000000000	0.000000000000	0.000000000000	13271.854499999999	1663.855100000000
0.000000000000	5000.000000000000	0.000000000000	-13271.854499999999	0.000000000000	2154.753660000000
0.000000000000	0.000000000000	5000.000000000000	-1663.855100000000	-2154.753660000000	0.000000000000
0.000000000000	-13271.854499999999	-1663.855100000000	36472.261700000003	903.943481000000	-6232.939450000000
13271.854499999999	0.000000000000	-2154.753660000000	903.943481000000	38767.566400000003	4515.642090000000
1663.855100000000	2154.753660000000	0.000000000000	-6232.939450000000	4515.642090000000	3773.902590000000
0	36	60
5000.000000000000	0.000000000000	0.000000000000	0.000000000000	11429.252000000000	204.450836000000
0.000000000000	5000.000000000000	0.000000000000	-11429.252000000000	0.000000000000	251.712112000000
0.000000000000	0.000000000000	5000.000000000000	-204.450836000000	-251.712112000000	0.000000000000
0.000000000000	-11429.252000000000	-204.450836000000	28030.330099999999	436.683624000000	-1333.912600000000
11429.252000000000	0.000000000000	-251.712112000000	436.683624000000	28603.496100000000	1030.007080000000
204.450836000000	251.712112000000	0.000000000000	-1333.912600000000	1030.007080000000	2016.653320000000
0	37	60
5000.000000000000	0.000000000000	0.000000000000	0.000000000000	11889.170899999999	1037.651980000000
0.000000000000	5000.000000000000	0.000000000000	-11889.170899999999	0.000000000000	1132.849610000000
0.000000000000	0.000000000000	5000.000000000000	-1037.651980000000	-1132.849610000000	0.000000000000
0.000000000000	-11889.170899999999	-1037.651980000000	29867.320299999999	474.465454000000	-3420.111570000000
11889.170899999999	0.000000000000	-1132.849610000000	474.465454000000	31281.636699999999	2768.533200000000
1037.651980000000	1132.849610000000	0.000000000000	-3420.111570000000	2768.533200000000	2379.012940000000
0	38	60
4320.000000000000	0.000000000000	0.000000000000	0.000000000000	8762.178710000000	643.000549000000
0.000000000000	4320.000000000000	0.000000000000	-8762.178710000000	0.000000000000	762.270996000000
0.000000000000	0.000000000000	4320.000000000000	-643.000549000000	-762.270996000000	0.000000000000
0.000000000000	-8762.178710000000	-643.000549000000	19040.791000000001	464.288635000000	-2212.892580000000
8762.178710000000	0.000000000000	-762.270996000000	464.288635000000	20148.181600000000	1695.650020000000
643.000549000000	762.270996000000	0.000000000000	-2212.892580000000	1695.650020000000	1822.656250000000
0	41	60
3335.000000000000	0.000000000000	0.000000000000	0.000000000000	6162.239260000000	-1067.584720000000
0.000000000000	3335.000000000000	0.000000000000	-6162.239260000000	0.000000000000	-1994.760990000000
0.000000000000	0.000000000000	3335.000000000000	1067.584720000000	1994.760990000000	0.000000000000
0.000000000000	-6162.239260000000	1067.584720000000	12391.444299999999	975.286865000000	3753.245850000000
6162.239260000000	0.000000000000	1994.760990000000	975.286865000000	13462.884800000000	-2011.357790000000
-1067.584720000000	-1994.760990000000	0.000000000000	3753.245850000000	-2011.357790000000	2513.475830000000
0	42	60
5000.000000000000	0.000000000000	0.000000000000	0.000000000000	9740.734380000000	-2718.122070000000
0.000000000000	5000.000000000000	0.000000000000	-9740.734380000000	0.000000000000	-5082.485840000000
0.000000000000	0.000000000000	5000.000000000000	2718.122070000000	5082.485840000000	0.000000000000
0.000000000000	-9740.734380000000	2718.122070000000	20912.507799999999	2815.725340000000	10100.470700000000
9740.734380000000	0.000000000000	5082.485840000000	2815.725340000000	24932.902300000002	-5252.835450000000
-2718.122070000000	-5082.485840000000	0.000000000000	10100.470700000000	-5252.835450000000	7256.946290000000
0	47	60
5000.000000000000	0.000000000000	0.000000000000	0.000000000000	10506.489299999999	-2018.042480000000
0.000000000000	5000.000000000000	0.000000000000	-10506.489299999999	0.000000000000	-4253.328130000000
0.000000000000	0.000000000000	5000.000000000000	2018.042480000000	4253.328130000000	0.000000000000
0.000000000000	-10506.489299999999	2018.042480000000	23893.181600000000	1980.725340000000	9281.080080000000
10506.489299999999	0.000000000000	4253.328130000000	1980.725340000000	27261.871100000000	-4231.816890000000
-2018.042480000000	-4253.328130000000	0.000000000000	9281.080080000000	-4231.816890000000	5777.123540000000
0	49	60
3517.000000000000	0.000000000000	0.000000000000	0.000000000000	10021.001000000000	577.604553000000
0.000000000000	3517.000000000000	0.000000000000	-10021.001000000000	0.000000000000	1777.180790000000
0.000000000000	0.000000000000	3517.000000000000	-577.604553000000	-1777.180790000000	0.000000000000
0.000000000000	-10021.001000000000	-577.604553000000	29552.335899999998	234.760651000000	-5244.482910000000
10021.001000000000	0.000000000000	-1777.180790000000	234.760651000000	31282.312500000000	1482.203130000000
577.604553000000	1777.180790000000	0.000000000000	-5244.482910000000	1482.203130000000	2541.072270000000
0	50	60
5000.000000000000	0.000000000000	0.000000000000	0.000000000000	14517.904300000000	1286.432500000000
0.000000000000	5000.000000000000	0.000000000000	-14517.904300000000	0.000000000000	4353.865230000000
0.000000000000	0.000000000000	5000.000000000000	-1286.432500000000	-4353.865230000000	0.000000000000
0.000000000000	-14517.904300000000	-1286.432500000000	43522.773399999998	1236.970210000000	-12421.111300000000
14517.904300000000	0.000000000000	-4353.865230000000	1236.970210000000	46957.335899999998	3467.930180000000
1286.432500000000	4353.865230000000	0.000000000000	-12421.111300000000	3467.930180000000	4953.535160000000
0	51	60
5000.000000000000	0.000000000000	0.000000000000	0.000000000000	15735.231400000001	3383.734130000000
0.000000000000	5000.000000000000	0.000000000000	-15735.231400000001	0.000000000000	5583.377930000000
0.000000000000	0.000000000000	5000.000000000000	-3383.734130000000	-5583.377930000000	0.000000000000
0.000000000000	-15735.231400000001	-3383.734130000000	53188.925799999997	4306.197750000000	-17492.716799999998
15735.231400000001	0.000000000000	-5583.377930000000	4306.197750000000	56628.195299999999	10585.163100000000
3383.734130000000	5583.377930000000	0.000000000000	-17492.716799999998	10585.163100000000	10194.899400000000
1	3	60
5000.000000000000	0.000000000000	0.000000000000	0.000000000000	11630.451200000000	-1080.183840000000
0.000000000000	5000.000000000000	0.000000000000	-11630.451200000000	0.000000000000	-2249.233150000000
0.000000000000	0.000000000000	5000.000000000000	1080.183840000000	2249.233150000000	0.000000000000
0.000000000000	-11630.451200000000	1080.183840000000	28835.919900000001	562.147705000000	5434.411130000000
11630.451200000000	0.000000000000	2249.233150000000	562.147705000000	29784.197300000000	-2371.095460000000
-1080.183840000000	-2249.233150000000	0.000000000000	5434.411130000000	-2371.095460000000	2137.874270000000
1	31	60
5000.000000000000	0.000000000000	0.000000000000	0.000000000000	12289.525400000000	-1685.119140000000
0.000000000000	5000.000000000000	0.000000000000	-12289.525400000000	0.000000000000	-4165.743160000000
0.000000000000	0.000000000000	5000.000000000000	1685.119140000000	4165.743160000000	0.000000000000
0.000000000000	-12289.525400000000	1685.119140000000	32163.843799999999	1865.262820000000	10603.365200000000
12289.525400000000	0.000000000000	4165.743160000000	1865.262820000000	35204.316400000003	-4125.080570000000
-1685.119140000000	-4165.743160000000	0.000000000000	10603.365200000000	-4125.080570000000	5392.974610000000
1	33	60
3524.000000000000	0.000000000000	0.000000000000	0.000000000000	7911.368160000000	-1228.749630000000
0.000000000000	3524.000000000000	0.000000000000	-7911.368160000000	0.000000000000	-1866.630980000000
0.000000000000	0.000000000000	3524.000000000000	1228.749630000000	1866.630980000000	0.000000000000
0.000000000000	-7911.368160000000	1228.749630000000	18826.603500000001	905.779602000000	4369.752440000000
7911.368160000000	0.000000000000	1866.630980000000	905.779602000000	19570.324199999999	-2799.453860000000
-1228.749630000000	-1866.630980000000	0.000000000000	4369.752440000000	-2799.453860000000	2328.596190000000
1	35	60
5000.000000000000	0.000000000000	0.000000000000	0.000000000000	14005.166999999999	1207.358890000000
0.000000000000	5000.000000000000	0.000000000000	-14005.166999999999	0.000000000000	2204.659910000000
0.000000000000	0.000000000000	5000.000000000000	-1207.358890000000	-2204.659910000000	0.000000000000
0.000000000000	-14005.166999999999	-1207.358890000000	40854.464800000002	1454.416500000000	-6863.215330000000
14005.166999999999	0.000000000000	-2204.659910000000	1454.416500000000	42999.691400000003	3717.794190000000
1207.358890000000	2204.659910000000	0.000000000000	-6863.215330000000	3717.794190000000	4372.354000000000
1	36	60
5000.000000000000	0.000000000000	0.000000000000	0.000000000000	11688.080099999999	-464.592285000000
0.000000000000	5000.000000000000	0.000000000000	-11688.080099999999	0.000000000000	395.405151000000
0.000000000000	0.000000000000	5000.000000000000	464.592285000000	-395.405151000000	0.000000000000
0.000000000000	-11688.080099999999	464.592285000000	28802.275399999999	247.359360000000	-1012.123290000000
11688.080099999999	0.000000000000	-395.405151000000	247.359360000000	30666.687500000000	-794.465332000000
-464.592285000000	395.405151000000	0.000000000000	-1012.123290000000	-794.465332000000	2514.247070000000
1	37	60
5000.000000000000	0.000000000000	0.000000000000	0.000000000000	11516.600600000000	-627.145264000000
0.000000000000	5000.000000000000	0.000000000000	-11516.600600000000	0.000000000000	1174.261840000000
0.000000000000	0.000000000000	5000.000000000000	627.145264000000	-1174.261840000000	0.000000000000
0.000000000000	-11516.600600000000	627.145264000000	28445.625000000000	-308.272369000000	-2218.276370000000
11516.600600000000	0.000000000000	-1174.261840000000	-308.272369000000	30516.802700000000	-996.774353000000
-627.145264000000	1174.261840000000	0.000000000000	-2218.276370000000	-996.774353000000	2748.492430000000
1	38	60
5000.000000000000	0.000000000000	0.000000000000	0.000000000000	10758.340800000000	-303.740845000000
0.000000000000	5000.000000000000	0.000000000000	-10758.340800000000	0.000000000000	1513.162840000000
0.000000000000	0.000000000000	5000.000000000000	303.740845000000	-1513.162840000000	0.000000000000
0.000000000000	-10758.340800000000	303.740845000000	24616.431600000000	319.526703000000	-3497.578120000000
10758.340800000000	0.000000000000	-1513.162840000000	319.526703000000	26928.314500000000	-315.557495000000
-303.740845000000	1513.162840000000	0.000000000000	-3497.578120000000	-315.557495000000	3242.240480000000
1	39	60
4488.000000000000	0.000000000000	0.000000000000	0.000000000000	7227.757320000000	-1095.707150000000
0.000000000000	4488.000000000000	0.000000000000	-7227.757320000000	0.000000000000	1893.549440000000
0.000000000000	0.000000000000	4488.000000000000	1095.707150000000	-1893.549440000000	0.000000000000
0.000000000000	-7227.757320000000	1095.707150000000	12362.842800000000	-346.118042000000	-2642.851070000000
7227.757320000000	0.000000000000	-1893.549440000000	-346.118042000000	14847.695299999999	-1754.072140000000
-1095.707150000000	1893.549440000000	0.000000000000	-2642.851070000000	-1754.072140000000	3485.304200000000
1	47	60
2921.000000000000	0.000000000000	0.000000000000	0.000000000000	6045.793950000000	-1043.788940000000
0.000000000000	2921.000000000000	0.000000000000	-6045.793950000000	0.000000000000	-1943.957150000000
0.000000000000	0.000000000000	2921.000000000000	1043.788940000000	1943.957150000000	0.000000000000
0.000000000000	-6045.793950000000	1043.788940000000	13777.663100000000	810.340515000000	4282.325680000000
6045.793950000000	0.000000000000	1943.957150000000	810.340515000000	14729.811500000000	-2225.622800000000
-1043.788940000000	-1943.957150000000	0.000000000000	4282.325680000000	-2225.622800000000	2228.775630000000
1	48	60
4072.000000000000	0.000000000000	0.000000000000	0.000000000000	10187.924800000001	-818.482239000000
0.000000000000	4072.000000000000	0.000000000000	-10187.924800000001	0.000000000000	-919.888184000000
0.000000000000	0.000000000000	4072.000000000000	818.482239000000	919.888184000000	0.000000000000
0.000000000000	-10187.924800000001	818.482239000000	26907.425800000001	704.263306000000	2434.962160000000
10187.924800000001	0.000000000000	919.888184000000	704.263306000000	28472.212899999999	-1895.936890000000
-818.482239000000	-919.888184000000	0.000000000000	2434.962160000000	-1895.936890000000	2980.021480000000
1	49	60
4110.000000000000	0.000000000000	0.000000000000	0.000000000000	11693.059600000001	-545.793762000000
0.000000000000	4110.000000000000	0.000000000000	-11693.059600000001	0.000000000000	461.859009000000
0.000000000000	0.000000000000	4110.000000000000	545.793762000000	-461.859009000000	0.000000000000
0.000000000000	-11693.059600000001	545.793762000000	34317.226600000002	-55.772125200000	-1500.046390000000
11693.059600000001	0.000000000000	-461.859009000000	-55.772125200000	35382.492200000001	-1690.422970000000
-545.793762000000	461.859009000000	0.000000000000	-1500.046390000000	-1690.422970000000	2046.054080000000
1	50	60
5000.000000000000	0.000000000000	0.000000000000	0.000000000000	14689.851600000000	1179.984860000000
0.000000000000	5000.000000000000	0.000000000000	-14689.851600000000	0.000000000000	3746.369380000000
0.000000000000	0.000000000000	5000.000000000000	-1179.984860000000	-3746.369380000000	0.000000000000
0.000000000000	-14689.851600000000	-1179.984860000000	44729.328099999999	1426.440920000000	-10808.765600000001
14689.851600000000	0.000000000000	-3746.369380000000	1426.440920000000	47277.242200000001	3290.270510000000
1179.984860000000	3746.369380000000	0.000000000000	-10808.765600000001	3290.270510000000	4894.409670000000
1	51	60
5000.000000000000	0.000000000000	0.000000000000	0.000000000000	16078.584999999999	2353.369140000000
0.000000000000	5000.000000000000	0.000000000000	-16078.584999999999	0.000000000000	4334.986820000000
0.000000000000	0.000000000000	5000.000000000000	-2353.369140000000	-4334.986820000000	0.000000000000
0.000000000000	-16078.584999999999	-2353.369140000000	54110.191400000003	2559.660640000000	-13875.286099999999
16078.584999999999	0.000000000000	-4334.986820000000	2559.660640000000	56253.417999999998	7493.498540000000
2353.369140000000	4334.986820000000	0.000000000000	-13875.286099999999	7493.498540000000	6542.503910000000
2	3	60
5000.000000000000	0.000000000000	0.000000000000	0.000000000000	11271.690399999999	304.362213000000
0.000000000000	5000.000000000000	0.000000000000	-11271.690399999999	0.000000000000	-4831.790530000000
0.000000000000	0.000000000000	5000.000000000000	-304.362213000000	4831.790530000000	0.000000000000
0.000000000000	-11271.690399999999	-304.362213000000	26579.279299999998	-477.512085000000	11329.705099999999
11271.690399999999	0.000000000000	4831.790530000000	-477.512085000000	31477.824199999999	967.593079000000
304.362213000000	-4831.790530000000	0.000000000000	11329.705099999999	967.593079000000	5396.613280000000
2	31	60
2335.000000000000	0.000000000000	0.000000000000	0.000000000000	5235.232420000000	167.662827000000
0.000000000000	2335.000000000000	0.000000000000	-5235.232420000000	0.000000000000	-2590.742430000000
0.000000000000	0.000000000000	2335.000000000000	-167.662827000000	2590.742430000000	0.000000000000
0.000000000000	-5235.232420000000	-167.662827000000	12229.457000000000	-215.963013000000	5882.834470000000
5235.232420000000	0.000000000000	2590.742430000000	-215.963013000000	15077.684600000001	523.783752000000
167.662827000000	-2590.742430000000	0.000000000000	5882.834470000000	523.783752000000	3170.705810000000
2	33	60
2710.000000000000	0.000000000000	0.000000000000	0.000000000000	5927.701660000000	-205.356979000000
0.000000000000	2710.000000000000	0.000000000000	-5927.701660000000	0.000000000000	-2430.766110000000
0.000000000000	0.000000000000	2710.000000000000	205.356979000000	2430.766110000000	0.000000000000
0.000000000000	-5927.701660000000	205.356979000000	13439.951200000000	166.753296000000	5348.304200000000
5927.701660000000	0.000000000000	2430.766110000000	166.753296000000	15502.095700000000	-391.010864000000
-205.356979000000	-2430.766110000000	0.000000000000	5348.304200000000	-391.010864000000	2653.392580000000
2	35	60
5000.000000000000	0.000000000000	0.000000000000	0.000000000000	14178.152300000000	2514.467530000000
0.000000000000	5000.000000000000	0.000000000000	-14178.152300000000	0.000000000000	-2205.294920000000
0.000000000000	0.000000000000	5000.000000000000	-2514.467530000000	2205.294920000000	0.000000000000
0.000000000000	-14178.152300000000	-2514.467530000000	43118.980499999998	-177.159729000000	5472.057620000000
14178.152300000000	0.000000000000	2205.294920000000	-177.159729000000	43782.660199999998	7642.985840000000
2514.467530000000	-2205.294920000000	0.000000000000	5472.057620000000	7642.985840000000	4961.910160000000
2	37	60
5000.000000000000	0.000000000000	0.000000000000	0.000000000000	11816.543000000000	794.717102000000
0.000000000000	5000.000000000000	0.000000000000	-11816.543000000000	0.000000000000	-1530.432130000000
0.000000000000	0.000000000000	5000.000000000000	-794.717102000000	1530.432130000000	0.000000000000
0.000000000000	-11816.543000000000	-794.717102000000	29506.160199999998	-333.456848000000	3938.876710000000
11816.543000000000	0.000000000000	1530.432130000000	-333.456848000000	31742.875000000000	2376.815920000000
794.717102000000	-1530.432130000000	0.000000000000	3938.876710000000	2376.815920000000	3286.919920000000
2	39	60
4582.000000000000	0.000000000000	0.000000000000	0.000000000000	8353.473630000000	64.410430900000
0.000000000000	4582.000000000000	0.000000000000	-8353.473630000000	0.000000000000	281.237610000000
0.000000000000	0.000000000000	4582.000000000000	-64.410430900000	-281.237610000000	0.000000000000
0.000000000000	-8353.473630000000	-64.410430900000	15669.689500000000	277.681793000000	-449.293823000000
8353.473630000000	0.000000000000	-281.237610000000	277.681793000000	17477.861300000000	122.484322000000
64.410430900000	281.237610000000	0.000000000000	-449.293823000000	122.484322000000	2390.858150000000
2	48	60
3248.000000000000	0.000000000000	0.000000000000	0.000000000000	8076.857420000000	584.708191000000
0.000000000000	3248.000000000000	0.000000000000	-8076.857420000000	0.000000000000	-1894.209350000000
0.000000000000	0.000000000000	3248.000000000000	-584.708191000000	1894.209350000000	0.000000000000
0.000000000000	-8076.857420000000	-584.708191000000	21209.541000000001	-49.448989900000	4620.630370000000
8076.857420000000	0.000000000000	1894.209350000000	-49.448989900000	23119.820299999999	1724.353150000000
584.708191000000	-1894.209350000000	0.000000000000	4620.630370000000	1724.353150000000	2909.468260000000
2	49	60
3301.000000000000	0.000000000000	0.000000000000	0.000000000000	9329.050780000000	947.989258000000
0.000000000000	3301.000000000000	0.000000000000	-9329.050780000000	0.000000000000	-1815.925420000000
0.000000000000	0.000000000000	3301.000000000000	-947.989258000000	1815.925420000000	0.000000000000
0.000000000000	-9329.050780000000	-947.989258000000	27312.806600000000	-327.863922000000	4886.803710000000
9329.050780000000	0.000000000000	1815.925420000000	-327.863922000000	28943.216799999998	2755.414060000000
947.989258000000	-1815.925420000000	0.000000000000	4886.803710000000	2755.414060000000	2666.869140000000
2	50	60
5000.000000000000	0.000000000000	0.000000000000	0.000000000000	15096.137699999999	3757.171630000000
0.000000000000	5000.000000000000	0.000000000000	-15096.137699999999	0.000000000000	271.608856000000
0.000000000000	0.000000000000	5000.000000000000	-3757.171630000000	-271.608856000000	0.000000000000
0.000000000000	-15096.137699999999	-3757.171630000000	49323.156300000002	533.944946000000	-699.006104000000
15096.137699999999	0.000000000000	-271.608856000000	533.944946000000	46511.480499999998	11384.659200000000
3757.171630000000	271.608856000000	0.000000000000	-699.006104000000	11384.659200000000	4149.034180000000
2	51	60
3669.000000000000	0.000000000000	0.000000000000	0.000000000000	11929.726600000000	3830.696290000000
0.000000000000	3669.000000000000	0.000000000000	-11929.726600000000	0.000000000000	205.330505000000
0.000000000000	0.000000000000	3669.000000000000	-3830.696290000000	-205.330505000000	0.000000000000
0.000000000000	-11929.726600000000	-3830.696290000000	43292.496099999997	454.482910000000	-678.773315000000
11929.726600000000	0.000000000000	-205.330505000000	454.482910000000	39389.488299999997	12496.544900000001
3830.696290000000	205.330505000000	0.000000000000	-678.773315000000	12496.544900000001	4874.011230000000
3	24	60
3909.000000000000	0.000000000000	0.000000000000	0.000000000000	11583.767599999999	-3725.526370000000
0.000000000000	3909.000000000000	0.000000000000	-11583.767599999999	0.000000000000	-3726.500240000000
0.000000000000	0.000000000000	3909.000000000000	3725.526370000000	3726.500240000000	0.000000000000
0.000000000000	-11583.767599999999	3725.526370000000	38196.871099999997	3529.843510000000	11028.234399999999
11583.767599999999	0.000000000000	3726.500240000000	3529.843510000000	38303.675799999997	-11081.870100000000
-3725.526370000000	-3726.500240000000	0.000000000000	11028.234399999999	-11081.870100000000	7314.596190000000
3	25	60
1986.000000000000	0.000000000000	0.000000000000	0.000000000000	6001.832030000000	-1923.848630000000
0.000000000000	1986.000000000000	0.000000000000	-6001.832030000000	0.000000000000	-1828.164060000000
0.000000000000	0.000000000000	1986.000000000000	1923.848630000000	1828.164060000000	0.000000000000
0.000000000000	-6001.832030000000	1923.848630000000	20053.564500000000	1771.806760000000	5505.283690000000
6001.832030000000	0.000000000000	1828.164060000000	1771.806760000000	19996.640599999999	-5806.099610000000
-1923.848630000000	-1828.164060000000	0.000000000000	5505.283690000000	-5806.099610000000	3673.582280000000
3	26	60
766.000000000000	0.000000000000	0.000000000000	0.000000000000	2437.425050000000	-667.894958000000
0.000000000000	766.000000000000	0.000000000000	-2437.425050000000	0.000000000000	-729.869812000000
0.000000000000	0.000000000000	766.000000000000	667.894958000000	729.869812000000	0.000000000000
0.000000000000	-2437.425050000000	667.894958000000	8413.375980000001	608.861145000000	2310.879640000000
2437.425050000000	0.000000000000	729.869812000000	608.861145000000	8545.402340000001	-2112.840580000000
-667.894958000000	-729.869812000000	0.000000000000	2310.879640000000	-2112.840580000000	1403.440190000000
3	29	60
4187.000000000000	0.000000000000	0.000000000000	0.000000000000	12220.603499999999	-3803.581300000000
0.000000000000	4187.000000000000	0.000000000000	-12220.603499999999	0.000000000000	-3638.808110000000
0.000000000000	0.000000000000	4187.000000000000	3803.581300000000	3638.808110000000	0.000000000000
0.000000000000	-12220.603499999999	3803.581300000000	39682.667999999998	3457.708980000000	10834.975600000000
12220.603499999999	0.000000000000	3638.808110000000	3457.708980000000	39737.597699999998	-11274.785200000000
-3803.581300000000	-3638.808110000000	0.000000000000	10834.975600000000	-11274.785200000000	7283.486330000000
3	30	60
5000.000000000000	0.000000000000	0.000000000000	0.000000000000	13824.645500000001	-4491.433110000000
0.000000000000	5000.000000000000	0.000000000000	-13824.645500000001	0.000000000000	-2854.245360000000
0.000000000000	0.000000000000	5000.000000000000	4491.433110000000	2854.245360000000	0.000000000000
0.000000000000	-13824.645500000001	4491.433110000000	43102.085899999998	2738.242190000000	8112.114260000000
13824.645500000001	0.000000000000	2854.245360000000	2738.242190000000	41220.058599999997	-12642.283200000000
-4491.433110000000	-2854.245360000000	0.000000000000	8112.114260000000	-12642.283200000000	6780.342290000000
3	32	60
2160.000000000000	0.000000000000	0.000000000000	0.000000000000	4456.863770000000	-1282.748290000000
0.000000000000	2160.000000000000	0.000000000000	-4456.863770000000	0.000000000000	-396.209625000000
0.000000000000	0.000000000000	2160.000000000000	1282.748290000000	396.209625000000	0.000000000000
0.000000000000	-4456.863770000000	1282.748290000000	10409.123000000000	433.596222000000	1103.707890000000
4456.863770000000	0.000000000000	396.209625000000	433.596222000000	10316.277300000000	-2823.141110000000
-1282.748290000000	-396.209625000000	0.000000000000	1103.707890000000	-2823.141110000000	1746.045040000000
3	33	60
2816.000000000000	0.000000000000	0.000000000000	0.000000000000	6474.650880000000	-1367.550780000000
0.000000000000	2816.000000000000	0.000000000000	-6474.650880000000	0.000000000000	951.138733000000
0.000000000000	0.000000000000	2816.000000000000	1367.550780000000	-951.138733000000	0.000000000000
0.000000000000	-6474.650880000000	1367.550780000000	16093.034200000000	-284.746643000000	-2119.638180000000
6474.650880000000	0.000000000000	-951.138733000000	-284.746643000000	15943.573200000001	-3238.535400000000
-1367.550780000000	951.138733000000	0.000000000000	-2119.638180000000	-3238.535400000000	1566.634520000000
3	34	60
5000.000000000000	0.000000000000	0.000000000000	0.000000000000	12106.156300000001	-1691.905030000000
0.000000000000	5000.000000000000	0.000000000000	-12106.156300000001	0.000000000000	2365.650880000000
0.000000000000	0.000000000000	5000.000000000000	1691.905030000000	-2365.650880000000	0.000000000000
0.000000000000	-12106.156300000001	1691.905030000000	31123.367200000001	-716.594727000000	-5996.145510000000
12106.156300000001	0.000000000000	-2365.650880000000	-716.594727000000	31972.560500000000	-3862.030520000000
-1691.905030000000	2365.650880000000	0.000000000000	-5996.145510000000	-3862.030520000000	2183.106200000000
3	35	60
3883.000000000000	0.000000000000	0.000000000000	0.000000000000	10172.162100000000	-1129.418330000000
0.000000000000	3883.000000000000	0.000000000000	-10172.162100000000	0.000000000000	2073.774900000000
0.000000000000	0.000000000000	3883.000000000000	1129.418330000000	-2073.774900000000	0.000000000000
0.000000000000	-10172.162100000000	1129.418330000000	27616.460899999998	-579.968262000000	-5482.078610000000
10172.162100000000	0.000000000000	-2073.774900000000	-579.968262000000	28603.318400000000	-2851.182130000000
-1129.418330000000	2073.774900000000	0.000000000000	-5482.078610000000	-2851.182130000000	1728.958370000000
3	36	60
4320.000000000000	0.000000000000	0.000000000000	0.000000000000	10155.761699999999	-1524.975100000000
0.000000000000	4320.000000000000	0.000000000000	-10155.761699999999	0.000000000000	2084.128910000000
0.000000000000	0.000000000000	4320.000000000000	1524.975100000000	-2084.128910000000	0.000000000000
0.000000000000	-10155.761699999999	1524.975100000000	25228.828099999999	-661.608826000000	-5128.803220000000
10155.761699999999	0.000000000000	-2084.128910000000	-661.608826000000	25944.349600000001	-3428.759520000000
-1524.975100000000	2084.128910000000	0.000000000000	-5128.803220000000	-3428.759520000000	1930.390990000000
3	37	60
3312.000000000000	0.000000000000	0.000000000000	0.000000000000	7986.243160000000	-1110.523680000000
0.000000000000	3312.000000000000	0.000000000000	-7986.243160000000	0.000000000000	1677.726930000000
0.000000000000	0.000000000000	3312.000000000000	1110.523680000000	-1677.726930000000	0.000000000000
0.000000000000	-7986.243160000000	1110.523680000000	20048.441400000000	-525.554138000000	-4138.422360000000
7986.243160000000	0.000000000000	-1677.726930000000	-525.554138000000	20711.078099999999	-2600.408690000000
-1110.523680000000	1677.726930000000	0.000000000000	-4138.422360000000	-2600.408690000000	1473.376830000000
3	38	60
3676.000000000000	0.000000000000	0.000000000000	0.000000000000	7704.910640000000	-1340.539550000000
0.000000000000	3676.000000000000	0.000000000000	-7704.910640000000	0.000000000000	1736.105830000000
0.000000000000	0.000000000000	3676.000000000000	1340.539550000000	-1736.105830000000	0.000000000000
0.000000000000	-7704.910640000000	1340.539550000000	17192.955099999999	-585.323364000000	-3814.082520000000
7704.910640000000	0.000000000000	-1736.105830000000	-585.323364000000	17744.197300000000	-2720.116940000000
-1340.539550000000	1736.105830000000	0.000000000000	-3814.082520000000	-2720.116940000000	1585.710080000000
3	40	60
1803.000000000000	0.000000000000	0.000000000000	0.000000000000	3091.514160000000	-730.212158000000
0.000000000000	1803.000000000000	0.000000000000	-3091.514160000000	0.000000000000	-1124.479490000000
0.000000000000	0.000000000000	1803.000000000000	730.212158000000	1124.479490000000	0.000000000000
0.000000000000	-3091.514160000000	730.212158000000	5773.902340000000	433.548584000000	1848.311520000000
3091.514160000000	0.000000000000	1124.479490000000	433.548584000000	6816.324710000000	-1231.504030000000
-730.212158000000	-1124.479490000000	0.000000000000	1848.311520000000	-1231.504030000000	1648.913330000000
3	41	60
3684.000000000000	0.000000000000	0.000000000000	0.000000000000	7077.611820000000	-1680.006960000000
0.000000000000	3684.000000000000	0.000000000000	-7077.611820000000	0.000000000000	69.656906100000
0.000000000000	0.000000000000	3684.000000000000	1680.006960000000	-69.656906100000	0.000000000000
0.000000000000	-7077.611820000000	1680.006960000000	14745.893599999999	66.763603200000	-82.797988900000
7077.611820000000	0.000000000000	-69.656906100000	66.763603200000	15553.282200000000	-3236.626710000000
-1680.006960000000	69.656906100000	0.000000000000	-82.797988900000	-3236.626710000000	2463.516360000000
3	42	60
2487.000000000000	0.000000000000	0.000000000000	0.000000000000	5214.895510000000	-1491.897340000000
0.000000000000	2487.000000000000	0.000000000000	-5214.895510000000	0.000000000000	-2204.858640000000
0.000000000000	0.000000000000	2487.000000000000	1491.897340000000	2204.858640000000	0.000000000000
0.000000000000	-5214.895510000000	1491.897340000000	12621.994100000000	1329.250370000000	4585.050290000000
5214.895510000000	0.000000000000	2204.858640000000	1329.250370000000	13829.546899999999	-3400.016600000000
-1491.897340000000	-2204.858640000000	0.000000000000	4585.050290000000	-3400.016600000000	3461.712890000000
3	44	60
2651.000000000000	0.000000000000	0.000000000000	0.000000000000	5732.777830000000	-1747.839840000000
0.000000000000	2651.000000000000	0.000000000000	-5732.777830000000	0.000000000000	-2819.711910000000
0.000000000000	0.000000000000	2651.000000000000	1747.839840000000	2819.711910000000	0.000000000000
0.000000000000	-5732.777830000000	1747.839840000000	13828.925800000001	1861.849980000000	6124.711910000000
5732.777830000000	0.000000000000	2819.711910000000	1861.849980000000	15584.605500000000	-3745.979490000000
-1747.839840000000	-2819.711910000000	0.000000000000	6124.711910000000	-3745.979490000000	4292.511720000000
3	45	60
1677.000000000000	0.000000000000	0.000000000000	0.000000000000	3727.529790000000	-1172.087040000000
0.000000000000	1677.000000000000	0.000000000000	-3727.529790000000	0.000000000000	-1804.859500000000
0.000000000000	0.000000000000	1677.000000000000	1172.087040000000	1804.859500000000	0.000000000000
0.000000000000	-3727.529790000000	1172.087040000000	9283.623050000000	1259.306640000000	4029.293700000000
3727.529790000000	0.000000000000	1804.859500000000	1259.306640000000	10328.121100000000	-2583.927980000000
-1172.087040000000	-1804.859500000000	0.000000000000	4029.293700000000	-2583.927980000000	2868.586430000000
3	46	60
940.000000000000	0.000000000000	0.000000000000	0.000000000000	1875.672240000000	-449.446228000000
0.000000000000	940.000000000000	0.000000000000	-1875.672240000000	0.000000000000	-785.645447000000
0.000000000000	0.000000000000	940.000000000000	449.446228000000	785.645447000000	0.000000000000
0.000000000000	-1875.672240000000	449.446228000000	4087.297120000000	373.262817000000	1577.003050000000
1875.672240000000	0.000000000000	785.645447000000	373.262817000000	4655.999020000000	-915.927551000000
-449.446228000000	-785.645447000000	0.000000000000	1577.003050000000	-915.927551000000	1071.721440000000
3	48	60
4875.000000000000	0.000000000000	0.000000000000	0.000000000000	12765.383800000000	-3294.871830000000
0.000000000000	4875.000000000000	0.000000000000	-12765.383800000000	0.000000000000	547.726379000000
0.000000000000	0.000000000000	4875.000000000000	3294.871830000000	-547.726379000000	0.000000000000
0.000000000000	-12765.383800000000	3294.871830000000	37304.781300000002	280.615265000000	-1384.535280000000
12765.383800000000	0.000000000000	-547.726379000000	280.615265000000	35791.156300000002	-8804.838870000000
-3294.871830000000	547.726379000000	0.000000000000	-1384.535280000000	-8804.838870000000	4211.863280000000
3	49	60
2264.000000000000	0.000000000000	0.000000000000	0.000000000000	6228.030760000000	-798.146057000000
0.000000000000	2264.000000000000	0.000000000000	-6228.030760000000	0.000000000000	1506.869260000000
0.000000000000	0.000000000000	2264.000000000000	798.146057000000	-1506.869260000000	0.000000000000
0.000000000000	-6228.030760000000	798.146057000000	17800.441400000000	-525.357056000000	-4113.069820000000
6228.030760000000	0.000000000000	-1506.869260000000	-525.357056000000	18594.914100000002	-2204.781010000000
-798.146057000000	1506.869260000000	0.000000000000	-4113.069820000000	-2204.781010000000	1666.807370000000
4	8	60
3083.000000000000	0.000000000000	0.000000000000	0.000000000000	10184.546899999999	122.222313000000
0.000000000000	3083.000000000000	0.000000000000	-10184.546899999999	0.000000000000	3674.178710000000
0.000000000000	0.000000000000	3083.000000000000	-122.222313000000	-3674.178710000000	0.000000000000
0.000000000000	-10184.546899999999	-122.222313000000	33901.542999999998	94.271835300000	-12115.932600000000
10184.546899999999	0.000000000000	-3674.178710000000	94.271835300000	38302.886700000003	357.400665000000
122.222313000000	3674.178710000000	0.000000000000	-12115.932600000000	357.400665000000	4867.218260000000
4	24	60
5000.000000000000	0.000000000000	0.000000000000	0.000000000000	15133.081099999999	-2865.794680000000
0.000000000000	5000.000000000000	0.000000000000	-15133.081099999999	0.000000000000	4801.875000000000
0.000000000000	0.000000000000	5000.000000000000	2865.794680000000	-4801.875000000000	0.000000000000
0.000000000000	-15133.081099999999	2865.794680000000	48447.300799999997	-2982.007570000000	-14444.325199999999
15133.081099999999	0.000000000000	-4801.875000000000	-2982.007570000000	51014.175799999997	-8375.169920000000
-2865.794680000000	4801.875000000000	0.000000000000	-14444.325199999999	-8375.169920000000	7151.071780000000
4	25	60
3860.000000000000	0.000000000000	0.000000000000	0.000000000000	11955.910200000000	-1909.047240000000
0.000000000000	3860.000000000000	0.000000000000	-11955.910200000000	0.000000000000	3921.997310000000
0.000000000000	0.000000000000	3860.000000000000	1909.047240000000	-3921.997310000000	0.000000000000
0.000000000000	-11955.910200000000	1909.047240000000	38819.519500000002	-2148.454350000000	-12028.409200000000
11955.910200000000	0.000000000000	-3921.997310000000	-2148.454350000000	41413.566400000003	-5685.486820000000
-1909.047240000000	3921.997310000000	0.000000000000	-12028.409200000000	-5685.486820000000	5811.495120000000
4	26	60
3030.000000000000	0.000000000000	0.000000000000	0.000000000000	9554.206050000001	-1499.088620000000
0.000000000000	3030.000000000000	0.000000000000	-9554.206050000001	0.000000000000	3055.530030000000
0.000000000000	0.000000000000	3030.000000000000	1499.088620000000	-3055.530030000000	0.000000000000
0.000000000000	-9554.206050000001	1499.088620000000	31394.246100000000	-1706.928830000000	-9545.306640000001
9554.206050000001	0.000000000000	-3055.530030000000	-1706.928830000000	33492.546900000001	-4578.824220000000
-1499.088620000000	3055.530030000000	0.000000000000	-9545.306640000001	-4578.824220000000	4445.827640000000
4	29	60
5000.000000000000	0.000000000000	0.000000000000	0.000000000000	15190.027300000000	-2870.886960000000
0.000000000000	5000.000000000000	0.000000000000	-15190.027300000000	0.000000000000	4876.251460000000
0.000000000000	0.000000000000	5000.000000000000	2870.886960000000	-4876.251460000000	0.000000000000
0.000000000000	-15190.027300000000	2870.886960000000	48769.644500000002	-3026.515140000000	-14746.192400000000
15190.027300000000	0.000000000000	-4876.251460000000	-3026.515140000000	51519.890599999999	-8463.458979999999
-2870.886960000000	4876.251460000000	0.000000000000	-14746.192400000000	-8463.458979999999	7330.628420000000
4	30	60
5000.000000000000	0.000000000000	0.000000000000	0.000000000000	14808.170899999999	-2471.805910000000
0.000000000000	5000.000000000000	0.000000000000	-14808.170899999999	0.000000000000	4879.271480000000
0.000000000000	0.000000000000	5000.000000000000	2471.805910000000	-4879.271480000000	0.000000000000
0.000000000000	-14808.170899999999	2471.805910000000	46656.179700000001	-2560.880130000000	-14422.236300000000
14808.170899999999	0.000000000000	-4879.271480000000	-2560.880130000000	49345.835899999998	-6917.520510000000
-2471.805910000000	4879.271480000000	0.000000000000	-14422.236300000000	-6917.520510000000	7404.540530000000
4	31	60
4653.000000000000	0.000000000000	0.000000000000	0.000000000000	13299.317400000000	-3301.520510000000
0.000000000000	4653.000000000000	0.000000000000	-13299.317400000000	0.000000000000	3935.824220000000
0.000000000000	0.000000000000	4653.000000000000	3301.520510000000	-3935.824220000000	0.000000000000
