0	30	60
0.513410759000	-0.267513370000	0.815377345000	-3.810892680000
0.324623931000	0.940105136000	0.104030414000	-0.715051385000
-0.794368323000	0.211281577000	0.569502649000	0.787093994000
0.000000000000	0.000000000000	0.000000000000	1.000000000000
0	31	60
0.119795361000	-0.539369663000	0.833501927000	-3.380762260000
0.280847895000	0.823667309000	0.492641535000	-0.816150778000
-0.952243386000	0.175069770000	0.250154359000	1.157136710000
0.000000000000	0.000000000000	0.000000000000	1.000000000000
0	33	60
-0.112549437000	-0.464397043000	0.878443799000	-2.786573940000
0.233939926000	0.846828164000	0.477655616000	-0.999530314000
-0.965712054000	0.259263241000	0.013331375200	1.210603450000
0.000000000000	0.000000000000	0.000000000000	1.000000000000
0	34	60
0.346648274000	-0.405860608000	0.845640306000	-2.095856890000
0.251156404000	0.908786400000	0.333210780000	-1.055869620000
-0.903741451000	0.096881944200	0.416963899000	1.555146570000
0.000000000000	0.000000000000	0.000000000000	1.000000000000
0	35	60
0.625564585000	-0.188055866000	0.757166080000	-2.108328580000
0.239839874000	0.969871960000	0.042731303400	-1.121116330000
-0.742388070000	0.154866931000	0.651821235000	1.659829710000
0.000000000000	0.000000000000	0.000000000000	1.000000000000
0	36	60
0.343231027000	-0.479788229000	0.807461338000	-1.767144700000
0.314891790000	0.868714876000	0.382333175000	-0.953615204000
-0.884889793000	0.123032321000	0.449252698000	1.680762330000
0.000000000000	0.000000000000	0.000000000000	1.000000000000
0	37	60
0.059298721600	-0.666510163000	0.743132193000	-1.348559130000
0.364394544000	0.707523902000	0.605497868000	-1.203941680000
-0.929352362000	0.234886973000	0.284828297000	1.950537320000
0.000000000000	0.000000000000	0.000000000000	1.000000000000
0	38	60
-0.365290986000	-0.507406878000	0.780447409000	-1.329046370000
0.287459857000	0.735927586000	0.613008680000	-1.246212610000
-0.885395273000	0.448272251000	-0.122967387000	2.035738120000
0.000000000000	0.000000000000	0.000000000000	1.000000000000
0	41	60
-0.950115523000	-0.187774219000	0.249031393000	-1.340232060000
0.045811792200	0.705773268000	0.706956808000	-1.118674630000
-0.308507707000	0.683097982000	-0.661964990000	2.664941000000
0.000000000000	0.000000000000	0.000000000000	1.000000000000
0	42	60
-0.995851585000	-0.054542064400	0.072816469800	-1.463351620000
0.012961801100	0.707129500000	0.706968406000	-1.246791910000
-0.090049566200	0.704976768000	-0.703489236000	3.079734070000
0.000000000000	0.000000000000	0.000000000000	1.000000000000
0	47	60
-0.981972344000	-0.049982568500	0.182280088000	-1.791026540000
0.064344606600	0.818386634000	0.571057335000	-1.224123540000
-0.177719269000	0.572490199000	-0.800416863000	3.607764990000
0.000000000000	0.000000000000	0.000000000000	1.000000000000
0	49	60
-0.282681587000	-0.306700394000	0.908857836000	-2.114065590000
0.262559967000	0.886578407000	0.380847979000	-1.272237630000
-0.922578533000	0.346285781000	-0.170092620000	3.687232050000
0.000000000000	0.000000000000	0.000000000000	1.000000000000
0	50	60
-0.002829910680	-0.375011217000	0.927013558000	-2.247653070000
0.237777916000	0.900180752000	0.364885030000	-1.309731340000
-0.971314080000	0.221453271000	0.086621687400	3.628952980000
0.000000000000	0.000000000000	0.000000000000	1.000000000000
0	51	60
0.112430802000	-0.325437333000	0.938853897000	-2.041049750000
0.321124629000	0.906047063000	0.275612334000	-1.521202740000
-0.940337783000	0.270499301000	0.206373697000	3.554281270000
0.000000000000	0.000000000000	0.000000000000	1.000000000000
1	3	60
0.918468160000	0.020192212900	-0.394979176000	-0.012063119700
-0.040546568300	0.998239351000	-0.043252676100	-0.122953006000
0.393409940000	0.055740178900	0.917671339000	-0.081971738600
0.000000000000	0.000000000000	0.000000000000	1.000000000000
1	31	60
0.196897703000	-0.527226672000	0.826596226000	-3.552586660000
0.182111730000	0.848094822000	0.497561077000	-0.523864793000
-0.963358869000	0.052561357800	0.263004775000	0.976266410000
0.000000000000	0.000000000000	0.000000000000	1.000000000000
1	33	60
-0.035075886900	-0.457977743000	0.888270115000	-2.969307230000
0.138963326000	0.877948037000	0.458142761000	-0.713392424000
-0.989673770000	0.139505326000	0.032848397300	1.092075580000
0.000000000000	0.000000000000	0.000000000000	1.000000000000
1	35	60
0.684632069000	-0.171384900000	0.708452343000	-2.329382070000
0.151630668000	0.984186797000	0.091557190400	-0.803814672000
-0.712938436000	0.044738299100	0.699794503000	1.600922910000
0.000000000000	0.000000000000	0.000000000000	1.000000000000
1	36	60
0.415691243000	-0.462755426000	0.782980312000	-1.986041220000
0.218012101000	0.886484089000	0.408185121000	-0.642230762000
-0.882986651000	0.001016721170	0.469392209000	1.631075710000
0.000000000000	0.000000000000	0.000000000000	1.000000000000
1	37	60
0.137275675000	-0.661626481000	0.737160474000	-1.595512470000
0.268767998000	0.741164954000	0.615172214000	-0.873158555000
-0.953370114000	0.113674323000	0.279568708000	1.954828780000
0.000000000000	0.000000000000	0.000000000000	1.000000000000
1	38	60
-0.291394585000	-0.517790815000	0.804351541000	-1.583475460000
0.205482694000	0.787333473000	0.581276697000	-0.907138227000
-0.934271167000	0.334658008000	-0.123026042000	2.044980050000
0.000000000000	0.000000000000	0.000000000000	1.000000000000
1	39	60
-0.620167424000	-0.305835708000	0.722397123000	-1.691093530000
0.174965902000	0.843749439000	0.507419509000	-0.715517492000
-0.764708469000	0.441077488000	-0.469752778000	1.932126340000
0.000000000000	0.000000000000	0.000000000000	1.000000000000
1	47	60
-0.964163400000	-0.068511151800	0.256303486000	-2.158206720000
0.066849376800	0.872166368000	0.484621049000	-0.719044994000
-0.256742952000	0.484385694000	-0.836331402000	3.567965590000
0.000000000000	0.000000000000	0.000000000000	1.000000000000
1	48	60
-0.716860150000	-0.202368769000	0.667200185000	-2.292790980000
0.137988920000	0.896839379000	0.420284087000	-0.763534656000
-0.683425616000	0.393348356000	-0.614983981000	3.666795080000
0.000000000000	0.000000000000	0.000000000000	1.000000000000
1	49	60
-0.207027011000	-0.305996523000	0.929249663000	-2.487416690000
0.175284315000	0.922856960000	0.342945476000	-0.752247668000
-0.962503919000	0.233878089000	-0.137419869000	3.627149920000
0.000000000000	0.000000000000	0.000000000000	1.000000000000
1	50	60
0.074824440000	-0.364597844000	0.928152799000	-2.617397880000
0.139930331000	0.925392282000	0.352236228000	-0.792554928000
-0.987328806000	0.103516918000	0.120260472000	3.562899530000
0.000000000000	0.000000000000	0.000000000000	1.000000000000
1	51	60
0.189824341000	-0.318591798000	0.928689947000	-2.411950780000
0.223518477000	0.935073389000	0.275097765000	-1.014680310000
-0.956034967000	0.155355392000	0.248711708000	3.525048830000
0.000000000000	0.000000000000	0.000000000000	1.000000000000
2	3	60
0.813451340000	0.107322495000	-0.571646464000	-0.156863957000
-0.202837493000	0.973470997000	-0.105876382000	-0.105036986000
0.545118035000	0.202075159000	0.813641279000	0.032566950900
0.000000000000	0.000000000000	0.000000000000	1.000000000000
2	31	60
0.401302838000	-0.440671648000	0.802970523000	-3.858959720000
0.272923045000	0.894365270000	0.354431935000	-0.187658416000
-0.874336707000	0.076911721900	0.479184311000	0.354395391000
0.000000000000	0.000000000000	0.000000000000	1.000000000000
2	33	60
0.176068267000	-0.387461702000	0.904914829000	-3.331950280000
0.262625332000	0.904446076000	0.336162881000	-0.461277204000
-0.948696567000	0.178464576000	0.261002915000	0.546596467000
0.000000000000	0.000000000000	0.000000000000	1.000000000000
2	35	60
0.824142536000	-0.078686075600	0.560888088000	-2.817957050000
0.151305905000	0.984898710000	-0.084149888500	-0.692615251000
-0.545793894000	0.154215553000	0.823604552000	1.145679390000
0.000000000000	0.000000000000	0.000000000000	1.000000000000
2	37	60
0.349751011000	-0.594431501000	0.724102800000	-2.179507530000
0.364458386000	0.798364024000	0.479359056000	-0.895916187000
-0.863042159000	0.096246262200	0.495875744000	1.614373210000
0.000000000000	0.000000000000	0.000000000000	1.000000000000
2	39	60
-0.435559339000	-0.302378188000	0.847853810000	-2.252611890000
0.343503504000	0.814782743000	0.467050969000	-0.725992143000
-0.832042367000	0.494667026000	-0.251015501000	1.597537430000
0.000000000000	0.000000000000	0.000000000000	1.000000000000
2	48	60
-0.549640263000	-0.186761762000	0.814256600000	-3.188537070000
0.309193837000	0.859994166000	0.405969728000	-0.910998088000
-0.776077244000	0.474898118000	-0.414941558000	3.167009810000
0.000000000000	0.000000000000	0.000000000000	1.000000000000
2	49	60
0.006597281010	-0.253567346000	0.967295035000	-3.369324800000
0.316515715000	0.918111713000	0.238519722000	-0.870727028000
-0.948564590000	0.304587188000	0.086315762000	3.094398820000
0.000000000000	0.000000000000	0.000000000000	1.000000000000
2	50	60
0.282860317000	-0.284570699000	0.915973814000	-3.487293990000
0.249571467000	0.943917520000	0.216187706000	-0.886304055000
-0.926122807000	0.167446873000	0.338018399000	3.002265500000
0.000000000000	0.000000000000	0.000000000000	1.000000000000
2	51	60
0.397045478000	-0.249047801000	0.883362481000	-3.301412250000
0.313674954000	0.941346163000	0.124412487000	-1.126001380000
-0.862532047000	0.227688274000	0.451878879000	2.971055320000
0.000000000000	0.000000000000	0.000000000000	1.000000000000
3	24	60
0.108264701000	-0.322836455000	0.940242155000	-3.746307400000
0.189215121000	0.935204524000	0.299318876000	-0.348996140000
-0.975946635000	0.145503649000	0.162335569000	2.057214280000
0.000000000000	0.000000000000	0.000000000000	1.000000000000
3	25	60
0.636374143000	-0.226233748000	0.737459294000	-3.646309610000
0.166899513000	0.973762345000	0.154703154000	-0.356408599000
-0.753106068000	0.024633735000	0.657434330000	2.093683130000
0.000000000000	0.000000000000	0.000000000000	1.000000000000
3	26	60
0.672421457000	-0.261852506000	0.692303377000	-3.662987240000
0.129103617000	0.962487047000	0.238647753000	-0.303044788000
-0.728818193000	-0.071091458400	0.681002688000	2.101098030000
0.000000000000	0.000000000000	0.000000000000	1.000000000000
3	29	60
0.388807259000	-0.465457956000	0.795095515000	-3.725001320000
0.208906740000	0.885060416000	0.415966470000	-0.216116987000
-0.897318548000	0.004370795430	0.441356323000	2.012278800000
0.000000000000	0.000000000000	0.000000000000	1.000000000000
3	30	60
0.214993370000	-0.235311985000	0.947842391000	-3.349757490000
0.200879010000	0.960441879000	0.192875632000	-0.370986889000
-0.955728500000	0.148934419000	0.253759338000	2.165480060000
0.000000000000	0.000000000000	0.000000000000	1.000000000000
3	32	60
-0.571709527000	-0.545647536000	0.612712973000	-2.790422970000
0.067279118700	0.713102621000	0.697826042000	-0.608921231000
-0.817691613000	0.440174176000	-0.370973475000	2.308829320000
0.000000000000	0.000000000000	0.000000000000	1.000000000000
3	33	60
-0.427199303000	-0.401352563000	0.810195170000	-2.230312230000
0.082845093500	0.874933833000	0.477105059000	-0.583672838000
-0.900351884000	0.270938444000	-0.340518815000	2.270974650000
0.000000000000	0.000000000000	0.000000000000	1.000000000000
3	34	60
0.026163512900	-0.401087104000	0.915665857000	-1.463779590000
0.110945123000	0.911487592000	0.396086430000	-0.584168102000
-0.993478309000	0.091225467900	0.068347339400	2.377764030000
0.000000000000	0.000000000000	0.000000000000	1.000000000000
3	35	60
0.342186986000	-0.179716036000	0.922285916000	-1.438708580000
0.125448440000	0.981490472000	0.144709191000	-0.632650698000
-0.931216526000	0.066180469000	0.358398400000	2.489083910000
0.000000000000	0.000000000000	0.000000000000	1.000000000000
3	36	60
0.025582913000	-0.460569791000	0.887256627000	-1.118049960000
0.176803935000	0.875638867000	0.449442701000	-0.462737078000
-0.983910326000	0.145369243000	0.103833052000	2.374153330000
0.000000000000	0.000000000000	0.000000000000	1.000000000000
3	37	60
-0.259880625000	-0.593013704000	0.762101329000	-0.622630279000
0.217925484000	0.732839086000	0.644559837000	-0.667326915000
-0.940726447000	0.333586998000	-0.061217353600	2.526990090000
0.000000000000	0.000000000000	0.000000000000	1.000000000000
3	38	60
-0.643521056000	-0.375839660000	0.666803242000	-0.574730395000
0.147160091000	0.794148805000	0.589639448000	-0.695978665000
-0.751147266000	0.477568658000	-0.455740150000	2.606434690000
0.000000000000	0.000000000000	0.000000000000	1.000000000000
3	40	60
-0.998279405000	-0.009802407870	0.057821870000	-0.592956554000
0.021250866900	0.858448159000	0.512464589000	-0.457465505000
-0.054662145600	0.512807606000	-0.856759231000	2.660857130000
0.000000000000	0.000000000000	0.000000000000	1.000000000000
3	41	60
-0.999908983000	0.003163541900	-0.013076935200	-0.391147486000
-0.005287562300	0.801433623000	0.598062818000	-0.473595361000
0.012370699000	0.598074215000	-0.801343747000	3.180133800000
0.000000000000	0.000000000000	0.000000000000	1.000000000000
3	42	60
-0.971695239000	0.136139771000	-0.193067741000	-0.368431230000
-0.004441761760	0.806587833000	0.591101570000	-0.537082896000
0.236196808000	0.575223741000	-0.783152303000	3.626316450000
0.000000000000	0.000000000000	0.000000000000	1.000000000000
3	44	60
-0.817770855000	0.152014032000	-0.555105758000	-0.122278272000
-0.055210632000	0.939325176000	0.338561428000	-0.393086986000
0.572888508000	0.307509377000	-0.759758661000	3.802556270000
0.000000000000	0.000000000000	0.000000000000	1.000000000000
3	45	60
-0.750763817000	0.135319260000	-0.646561191000	0.089828180400
-0.069933791200	0.957012998000	0.281497011000	-0.315533442000
0.656856630000	0.256551899000	-0.709025573000	3.635823050000
0.000000000000	0.000000000000	0.000000000000	1.000000000000
3	46	60
-0.924975020000	0.057609219800	-0.375636484000	-0.408273217000
-0.079171987400	0.937547002000	0.338735937000	-0.381607082000
0.371688572000	0.343058054000	-0.862644846000	3.960592660000
0.000000000000	0.000000000000	0.000000000000	1.000000000000
3	48	60
-0.932875721000	-0.067485033600	0.353819881000	-0.593996685000
0.085176208300	0.913102905000	0.398737903000	-0.476548041000
-0.349984530000	0.402105965000	-0.846061033000	4.368681600000
0.000000000000	0.000000000000	0.000000000000	1.000000000000
3	49	60
-0.575914749000	-0.226456171000	0.785518948000	-0.788808769000
0.117144631000	0.928093180000	0.353446690000	-0.471420729000
-0.809072881000	0.295570001000	-0.507972727000	4.408685090000
0.000000000000	0.000000000000	0.000000000000	1.000000000000
4	8	60
0.998297250000	-0.003666420280	-0.058202058500	0.790483011000
0.004717132700	0.999828797000	0.017938987500	-0.295027916000
0.058126647400	-0.018181732700	0.998144257000	1.415353420000
0.000000000000	0.000000000000	0.000000000000	1.000000000000
4	24	60
-0.606545489000	-0.258919194000	0.751705456000	-1.368056330000
0.190911737000	0.870390146000	0.453844456000	-1.005556310000
-0.771785627000	0.418788636000	-0.478500981000	3.937917940000
0.000000000000	0.000000000000	0.000000000000	1.000000000000
4	25	60
-0.070167609200	-0.275742803000	0.958665941000	-1.269945170000
0.259906095000	0.922789224000	0.284446961000	-0.995714592000
-0.963080476000	0.269123379000	0.006916399360	3.897152640000
0.000000000000	0.000000000000	0.000000000000	1.000000000000
4	26	60
-0.022631987600	-0.364808848000	0.930807561000	-1.284056030000
0.228979149000	0.904405288000	0.360028875000	-0.945771424000
-0.973166488000	0.221285969000	0.063063580900	3.919229410000
0.000000000000	0.000000000000	0.000000000000	1.000000000000
4	29	60
-0.352654902000	-0.451113367000	0.819835248000	-1.400534390000
0.258109705000	0.795242312000	0.548607712000	-0.871626643000
-0.899449976000	0.405078319000	-0.164008887000	3.904183060000
0.000000000000	0.000000000000	0.000000000000	1.000000000000
4	30	60
-0.517063375000	-0.196498492000	0.833085569000	-1.004551780000
0.220454482000	0.909885201000	0.351440270000	-0.959736984000
-0.827066689000	0.365374974000	-0.427150082000	3.750243240000
0.000000000000	0.000000000000	0.000000000000	1.000000000000
4	31	60
-0.822191731000	-0.322875198000	0.468776154000	-0.464869304000
0.082438888100	0.747327586000	0.659321946000	-0.909505310000
-0.563205031000	0.580733171000	-0.587830711000	3.554321210000
0.000000000000	0.000000000000	0.000000000000	1.000000000000
4	32	60
-0.976212178000	-0.191804346000	0.101091426000	-0.470863467000
-0.040244243600	0.618456082000	0.784789872000	-1.099250740000
-0.213044511000	0.762052313000	-0.611462027000	3.457447470000
0.000000000000	0.000000000000	0.000000000000	1.000000000000
4	42	60
-0.543864353000	0.381295154000	-0.747546737000	2.165926770000
-0.162762685000	0.825968275000	0.539712470000	-0.606959824000
0.823237901000	0.415199263000	-0.387155353000	2.815609310000
0.000000000000	0.000000000000	0.000000000000	1.000000000000
4	44	60
-0.197908266000	0.194230936000	-0.960783604000	2.444514040000
-0.182492569000	0.955735703000	0.230802782000	-0.421558940000
0.963083170000	0.221009276000	-0.153702820000	2.795557270000
0.000000000000	0.000000000000	0.000000000000	1.000000000000
4	45	60
-0.090616929900	0.145335678000	-0.985223003000	2.475234760000
-0.184683627000	0.969683836000	0.160031656000	-0.312133926000
0.978611418000	0.196454318000	-0.061028825800	2.538874170000
0.000000000000	0.000000000000	0.000000000000	1.000000000000
4	47	60
-0.625019197000	0.242061603000	-0.742129380000	2.452562320000
-0.130132519000	0.905093918000	0.404814490000	-0.521622805000
0.769684369000	0.349588134000	-0.534200567000	3.360824480000
0.000000000000	0.000000000000	0.000000000000	1.000000000000
5	6	60
0.916051291000	-0.086076361500	0.391716678000	0.075897536000
0.066939334400	0.995812377000	0.062278324100	-0.013214721200
-0.395435846000	-0.030829546900	0.917976106000	-0.072572575700
0.000000000000	0.000000000000	0.000000000000	1.000000000000
5	11	60
0.663579974000	0.243111174000	-0.707501989000	2.058985680000
-0.104381639000	0.966562980000	0.234226655000	-0.171312963000
0.740788580000	-0.081577761600	0.666767418000	1.945138560000
0.000000000000	0.000000000000	0.000000000000	1.000000000000
5	15	60
-0.486808423000	0.402415518000	-0.775293854000	1.195403920000
-0.126853695000	0.845584230000	0.518551657000	-0.536792870000
0.864247988000	0.350784970000	-0.360588500000	4.470369760000
0.000000000000	0.000000000000	0.000000000000	1.000000000000
5	40	60
-0.361179616000	0.320405202000	-0.875722327000	2.189611380000
-0.120809297000	0.915125166000	0.384650646000	-0.231093547000
0.924637627000	0.244718781000	-0.291815306000	1.470856390000
0.000000000000	0.000000000000	0.000000000000	1.000000000000
6	8	60
0.999494178000	-0.015053317500	0.027996895200	0.688211704000
0.013102420100	0.997558891000	0.068595500900	-0.208837474000
-0.028961211200	-0.068192409600	0.997250870000	1.421301310000
0.000000000000	0.000000000000	0.000000000000	1.000000000000
6	9	60
0.956344915000	0.113360540000	-0.269359883000	1.128950570000
-0.076631801000	0.986724298000	0.143185975000	-0.247551461000
0.282014835000	-0.116292398000	0.952334981000	1.999831550000
0.000000000000	0.000000000000	0.000000000000	1.000000000000
6	10	60
0.689323513000	0.251482765000	-0.679403402000	1.362031110000
-0.165053194000	0.967667672000	0.190722929000	-0.280799334000
0.705400787000	-0.019331027200	0.708545560000	2.053937710000
0.000000000000	0.000000000000	0.000000000000	1.000000000000
6	24	60
-0.672746847000	-0.230351047000	0.703099001000	-1.237444490000
0.147933935000	0.889230292000	0.432880162000	-0.801269449000
-0.724929683000	0.395232660000	-0.564150247000	4.154126830000
0.000000000000	0.000000000000	0.000000000000	1.000000000000
6	25	60
-0.155586804000	-0.260544733000	0.952841847000	-1.143319670000
0.209976737000	0.933822201000	0.289631015000	-0.792990633000
-0.965245181000	0.245138638000	-0.090583395400	4.104564200000
0.000000000000	0.000000000000	0.000000000000	1.000000000000
6	26	60
-0.108797356000	-0.353222416000	0.929191951000	-1.155962710000
0.178833515000	0.912534770000	0.367830387000	-0.742062165000
-0.977842249000	0.206192043000	-0.036115517700	4.125234500000
0.000000000000	0.000000000000	0.000000000000	1.000000000000
6	29	60
-0.431496232000	-0.422263137000	0.797184969000	-1.274028550000
0.209899482000	0.812437466000	0.543955977000	-0.669416681000
-0.877352183000	0.402045208000	-0.261930564000	4.116624190000
0.000000000000	0.000000000000	0.000000000000	1.000000000000
6	30	60
-0.588665115000	-0.173165103000	0.789610795000	-0.891963897000
0.175099252000	0.926283207000	0.333676834000	-0.763124975000
-0.789180182000	0.334684601000	-0.514950268000	3.933570790000
0.000000000000	0.000000000000	0.000000000000	1.000000000000
6	31	60
-0.868507508000	-0.278876867000	0.409781947000	-0.371726648000
0.049089850600	0.774256918000	0.630963785000	-0.720038527000
-0.493233622000	0.568111449000	-0.658759260000	3.689311120000
0.000000000000	0.000000000000	0.000000000000	1.000000000000
6	42	60
-0.469149701000	0.407570048000	-0.783445287000	2.182386830000
-0.123441211000	0.848160743000	0.515159213000	-0.441346529000
0.874448472000	0.338392143000	-0.347603886000	2.710967010000
0.000000000000	0.000000000000	0.000000000000	1.000000000000
6	43	60
-0.114664672000	0.297121627000	-0.947928428000	2.409134840000
-0.191414229000	0.929734269000	0.314574717000	-0.555153264000
0.974785945000	0.217515480000	-0.049735711800	2.721430500000
0.000000000000	0.000000000000	0.000000000000	1.000000000000
6	44	60
-0.112236630000	0.203175379000	-0.972687938000	2.456367090000
-0.134121283000	0.966819377000	0.217426946000	-0.255702084000
0.984587338000	0.154857001000	-0.081262442400	2.657511810000
0.000000000000	0.000000000000	0.000000000000	1.000000000000
6	45	60
-0.003989019900	0.152208337000	-0.988339847000	2.463739950000
-0.134933389000	0.979228989000	0.151351418000	-0.159369036000
0.990845115000	0.133961955000	0.016631974300	2.393941740000
0.000000000000	0.000000000000	0.000000000000	1.000000000000
6	46	60
-0.328424666000	0.167062719000	-0.929638731000	2.381847090000
-0.183520355000	0.954191018000	0.236311289000	-0.274491936000
0.926528955000	0.248214000000	-0.282719453000	2.975307370000
0.000000000000	0.000000000000	0.000000000000	1.000000000000
6	47	60
-0.554941105000	0.262421543000	-0.789414230000	2.514160200000
-0.094031022600	0.923073512000	0.372956189000	-0.326709888000
0.826556066000	0.281193928000	-0.487574283000	3.224275830000
0.000000000000	0.000000000000	0.000000000000	1.000000000000
7	9	60
0.923115585000	0.169933090000	-0.344935408000	0.599634117000
-0.143621954000	0.984500696000	0.100654097000	-0.312555784000
0.356693550000	-0.043374841300	0.933214125000	1.521098470000
0.000000000000	0.000000000000	0.000000000000	1.000000000000
7	10	60
0.616001856000	0.297932241000	-0.729230106000	0.825209208000
-0.242688020000	0.952468644000	0.184134048000	-0.361219615000
0.749429862000	0.063548450400	0.659029026000	1.592562560000
0.000000000000	0.000000000000	0.000000000000	1.000000000000
7	24	60
-0.598605130000	-0.221667587000	0.769761547000	-1.970649260000
0.225901335000	0.875232146000	0.427712579000	-0.866839981000
-0.768529439000	0.429922452000	-0.473844387000	3.427360000000
0.000000000000	0.000000000000	0.000000000000	1.000000000000
7	25	60
-0.059956036200	-0.236393045000	0.969804814000	-1.872244530000
0.274622762000	0.930155964000	0.243707017000	-0.860631759000
-0.959680031000	0.280942888000	0.009149032320	3.386587030000
0.000000000000	0.000000000000	0.000000000000	1.000000000000
7	26	60
-0.013774118800	-0.326194363000	0.945202485000	-1.884220170000
0.241849270000	0.916137901000	0.319689057000	-0.810417814000
-0.970214066000	0.233001701000	0.066268780400	3.409301800000
0.000000000000	0.000000000000	0.000000000000	1.000000000000
7	28	60
0.193874928000	-0.272871170000	0.942312511000	-1.896571720000
0.261396334000	0.940180923000	0.218473354000	-0.829741283000
-0.945559327000	0.203960896000	0.253603876000	3.449601510000
0.000000000000	0.000000000000	0.000000000000	1.000000000000
7	29	60
-0.342215069000	-0.416868686000	0.842085332000	-1.997483560000
0.283932849000	0.808423094000	0.515592180000	-0.731250872000
-0.895693403000	0.415540327000	-0.158291977000	3.395336040000
0.000000000000	0.000000000000	0.000000000000	1.000000000000
7	30	60
-0.508003781000	-0.157682722000	0.846797406000	-1.605693350000
0.252336065000	0.912726116000	0.321339043000	-0.834034927000
-0.823560529000	0.376919013000	-0.423880439000	3.239775970000
0.000000000000	0.000000000000	0.000000000000	1.000000000000
7	31	60
-0.818456547000	-0.290617081000	0.495650199000	-1.064536980000
0.124014696000	0.752962355000	0.646272319000	-0.804139546000
-0.561020371000	0.590411931000	-0.580228264000	3.043760940000
0.000000000000	0.000000000000	0.000000000000	1.000000000000
7	43	60
-0.208898117000	0.320714519000	-0.923850656000	1.795335400000
-0.242397102000	0.898235503000	0.366633751000	-0.729534960000
0.947418861000	0.300525220000	-0.109901124000	2.327710650000
0.000000000000	0.000000000000	0.000000000000	1.000000000000
7	44	60
-0.204619918000	0.234511246000	-0.950333269000	1.862188960000
-0.185992637000	0.943875423000	0.272965291000	-0.429743879000
0.961008534000	0.232604008000	-0.149518674000	2.287170520000
0.000000000000	0.000000000000	0.000000000000	1.000000000000
7	45	60
-0.097503301500	0.186226683000	-0.977655683000	1.897279230000
-0.192894374000	0.960175825000	0.202135993000	-0.318516957000
0.976362698000	0.208290666000	-0.057698172400	2.031825570000
0.000000000000	0.000000000000	0.000000000000	1.000000000000
7	47	60
-0.629306213000	0.280272704000	-0.724858230000	1.866484510000
-0.113281013000	0.889664185000	0.442345074000	-0.537100489000
0.768855301000	0.360478576000	-0.528121099000	2.851139020000
0.000000000000	0.000000000000	0.000000000000	1.000000000000
8	11	60
0.278351654000	0.329538631000	-0.902178225000	0.282706621000
-0.251743029000	0.931493062000	0.262573816000	-0.267558143000
0.926902438000	0.154028686000	0.342242392000	1.191085570000
0.000000000000	0.000000000000	0.000000000000	1.000000000000
8	25	60
-0.124802347000	-0.255277037000	0.958779163000	-1.915971160000
0.277630046000	0.918747017000	0.280757901000	-0.738139256000
-0.952546019000	0.301225186000	-0.043790818400	2.584543800000
0.000000000000	0.000000000000	0.000000000000	1.000000000000
8	30	60
-0.563218054000	-0.170633659000	0.808497804000	-1.659398800000
0.237350278000	0.903804603000	0.356092584000	-0.700469455000
-0.791482059000	0.392454365000	-0.468540459000	2.423106020000
0.000000000000	0.000000000000	0.000000000000	1.000000000000
8	44	60
-0.142452127000	0.211255977000	-0.966994514000	1.730846560000
-0.199247281000	0.950839902000	0.237079549000	-0.157668455000
0.969539991000	0.226437801000	-0.093357400700	1.279102540000
0.000000000000	0.000000000000	0.000000000000	1.000000000000
8	45	60
-0.034451040900	0.161082411000	-0.986339431000	1.747111220000
-0.202113601000	0.965411338000	0.164725155000	-0.043707704500
0.978755484000	0.205024461000	-0.000702536430	1.023070910000
0.000000000000	0.000000000000	0.000000000000	1.000000000000
9	11	60
0.571850122000	0.256071632000	-0.779367582000	0.070077983600
-0.255105061000	0.958439991000	0.127728138000	-0.226607471000
0.779686605000	0.125779200000	0.613409356000	0.601913246000
0.000000000000	0.000000000000	0.000000000000	1.000000000000
9	24	60
-0.859155698000	-0.176977198000	0.480132551000	-1.613109880000
0.154012423000	0.805350013000	0.572443907000	-1.065152370000
-0.487984340000	0.565766196000	-0.664665152000	2.609740410000
0.000000000000	0.000000000000	0.000000000000	1.000000000000
9	26	60
-0.393519154000	-0.349582834000	0.850254284000	-1.547870570000
0.277843147000	0.836400686000	0.472480401000	-0.994134321000
-0.876322913000	0.422169339000	-0.232012858000	2.568754910000
0.000000000000	0.000000000000	0.000000000000	1.000000000000
9	28	60
-0.195848293000	-0.314171147000	0.928944563000	-1.542122550000
0.331304196000	0.870392051000	0.364216719000	-1.017005220000
-0.922972783000	0.379095029000	-0.066380066500	2.608678660000
0.000000000000	0.000000000000	0.000000000000	1.000000000000
9	29	60
-0.676171223000	-0.352705110000	0.646829786000	-1.668777410000
0.260229269000	0.707029252000	0.657564487000	-0.934835809000
-0.689252412000	0.612951766000	-0.386288875000	2.602758890000
0.000000000000	0.000000000000	0.000000000000	1.000000000000
9	30	60
-0.798946033000	-0.142202729000	0.584344993000	-1.347834940000
0.197820534000	0.855434991000	0.478642826000	-0.962701383000
-0.567930965000	0.498005928000	-0.655317420000	2.312100140000
0.000000000000	0.000000000000	0.000000000000	1.000000000000
9	43	60
0.179914721000	0.274245229000	-0.944678786000	1.451371390000
-0.315233030000	0.925777878000	0.208725678000	-0.242314357000
0.931802504000	0.260239508000	0.253010689000	0.298331340000
0.000000000000	0.000000000000	0.000000000000	1.000000000000
9	44	60
0.180610396000	0.163887672000	-0.969803733000	1.455567840000
-0.259565253000	0.959007737000	0.113727185000	0.065949148000
0.948686207000	0.231182893000	0.215745728000	0.267613743000
0.000000000000	0.000000000000	0.000000000000	1.000000000000
9	45	60
0.285959390000	0.108301924000	-0.952101026000	1.380905650000
-0.248823393000	0.967904960000	0.035370015300	0.192490693000
0.925371927000	0.226789101000	0.303729105000	0.028413867600
0.000000000000	0.000000000000	0.000000000000	1.000000000000
10	12	60
0.846502103000	0.223314942000	-0.483282613000	-0.031848828300
-0.145024313000	0.970168232000	0.194273628000	-0.451209587000
0.512249674000	-0.094367085100	0.853636579000	1.491115850000
0.000000000000	0.000000000000	0.000000000000	1.000000000000
10	13	60
0.698895121000	0.385652197000	-0.602343750000	0.186075673000
-0.234445110000	0.919172684000	0.316477012000	-0.662773154000
0.675706672000	-0.079969606200	0.732819609000	2.143252070000
0.000000000000	0.000000000000	0.000000000000	1.000000000000
10	15	60
-0.110950186000	0.441516691000	-0.890366627000	0.363504308000
-0.319199494000	0.832600315000	0.452646191000	-1.055557870000
0.941169982000	0.334425237000	0.048555955900	3.169128930000
0.000000000000	0.000000000000	0.000000000000	1.000000000000
10	17	60
-0.052885061200	0.628478964000	-0.776024703000	0.150280233000
-0.296394085000	0.732215266000	0.613197573000	-1.318217560000
0.953600451000	0.262437040000	0.147555636000	2.960270060000
0.000000000000	0.000000000000	0.000000000000	1.000000000000
10	22	60
-0.808685587000	0.365185648000	-0.461153744000	-0.581997659000
-0.299465663000	0.419181393000	0.857093437000	-1.119260700000
0.506307193000	0.831218836000	-0.229625103000	3.298610650000
0.000000000000	0.000000000000	0.000000000000	1.000000000000
10	28	60
-0.652638773000	-0.243405438000	0.717504351000	-0.171203470000
0.246645136000	0.827157619000	0.504952237000	-1.139151530000
-0.716396759000	0.506520354000	-0.479803213000	3.122374250000
0.000000000000	0.000000000000	0.000000000000	1.000000000000
10	29	60
-0.950970154000	-0.141568798000	0.274970824000	-0.297935899000
0.111559993000	0.672206093000	0.731912470000	-1.078855950000
-0.288450779000	0.726703282000	-0.623455433000	3.178335220000
0.000000000000	0.000000000000	0.000000000000	1.000000000000
10	43	60
0.640167158000	0.204792689000	-0.740435024000	1.237926610000
-0.232906691000	0.970191706000	0.066977024500	-0.015058148800
0.732076004000	0.129574390000	0.668781936000	-0.290782580000
0.000000000000	0.000000000000	0.000000000000	1.000000000000
10	44	60
0.639298371000	0.089712930200	-0.763706741000	1.175971180000
-0.177044926000	0.983663176000	-0.032647043500	0.287825436000
0.748298109000	0.156078388000	0.644737358000	-0.311049761000
0.000000000000	0.000000000000	0.000000000000	1.000000000000
10	45	60
0.718464321000	0.037792498100	-0.694535190000	0.979230846000
-0.150729215000	0.983258129000	-0.102415021000	0.387993502000
0.679033353000	0.178267276000	0.712131844000	-0.484437255000
0.000000000000	0.000000000000	0.000000000000	1.000000000000
11	13	60
0.939403147000	0.205180526000	-0.274629268000	0.701412301000
-0.134384980000	0.957394073000	0.255608280000	-0.421397340000
0.315373200000	-0.203214033000	0.926954622000	1.363649750000
0.000000000000	0.000000000000	0.000000000000	1.000000000000
11	18	60
0.564042548000	0.595868486000	-0.571660125000	0.921717175000
-0.287834987000	0.790752240000	0.540241557000	-1.085155280000
0.773954578000	-0.140175035000	0.617532990000	2.307161520000
0.000000000000	0.000000000000	0.000000000000	1.000000000000
11	20	60
0.650017893000	0.431268259000	-0.625684902000	0.616671488000
-0.267712373000	0.900533749000	0.342592505000	-1.257398370000
0.711198862000	-0.055186935700	0.700821050000	2.770679560000
0.000000000000	0.000000000000	0.000000000000	1.000000000000
11	21	60
0.051031206900	0.696235285000	-0.715994072000	0.472524798000
-0.381487302000	0.676153850000	0.630304008000	-1.120817200000
0.922963876000	0.240978798000	0.300111594000	2.770003400000
0.000000000000	0.000000000000	0.000000000000	1.000000000000
11	22	60
-0.482017729000	0.626072413000	-0.612933274000	0.545325696000
-0.385214660000	0.476891898000	0.790052776000	-0.944566330000
0.786935212000	0.616932536000	0.011302990400	2.718308560000
0.000000000000	0.000000000000	0.000000000000	1.000000000000
11	23	60
-0.633439752000	0.280300963000	-0.721235026000	0.696269048000
-0.277068442000	0.788118895000	0.549637781000	-1.032485000000
0.722484106000	0.547996107000	-0.421564844000	2.571951040000
0.000000000000	0.000000000000	0.000000000000	1.000000000000
11	44	60
0.909173658000	0.029321327200	-0.415381093000	0.457011806000
-0.083203542300	0.990196052000	-0.112202126000	0.593134436000
0.408016207000	0.136573363000	0.902701419000	-1.247502100000
0.000000000000	0.000000000000	0.000000000000	1.000000000000
11	45	60
0.948499408000	-0.008160871080	-0.316669302000	0.195534616000
-0.048863692600	0.983936930000	-0.171703118000	0.665211666000
0.312981336000	0.178336410000	0.932865783000	-1.319876980000
0.000000000000	0.000000000000	0.000000000000	1.000000000000
12	19	60
0.852768603000	0.392493723000	-0.344579699000	0.586909223000
-0.293601944000	0.905885365000	0.305236680000	-1.355424470000
0.431952549000	-0.159127071000	0.887748511000	1.824306210000
0.000000000000	0.000000000000	0.000000000000	1.000000000000
12	20	60
0.731213381000	0.394634844000	-0.556408044000	0.643329090000
-0.338634617000	0.918064886000	0.206119124000	-1.254985580000
0.592158042000	0.037703032900	0.804939063000	1.675917990000
0.000000000000	0.000000000000	0.000000000000	1.000000000000
12	22	60
-0.381770649000	0.674131945000	-0.632293393000	0.557069076000
-0.518901147000	0.409789164000	0.750210195000	-0.941542664000
0.764847607000	0.614506909000	0.193363470000	1.679035020000
0.000000000000	0.000000000000	0.000000000000	1.000000000000
13	19	60
0.951936422000	0.228192126000	-0.204317021000	0.463941580000
-0.192398013000	0.964515301000	0.180812691000	-1.222547350000
0.238328106000	-0.132811268000	0.962061267000	1.258774670000
0.000000000000	0.000000000000	0.000000000000	1.000000000000
13	20	60
0.870900556000	0.266713091000	-0.412789551000	0.476481224000
-0.267460508000	0.961869983000	0.057201755700	-1.103698350000
0.412305445000	0.060590217600	0.909028329000	1.113833820000
0.000000000000	0.000000000000	0.000000000000	1.000000000000
13	21	60
0.390284371000	0.639180807000	-0.662664031000	0.322501445000
-0.542322310000	0.741230971000	0.395555334000	-1.002374860000
0.744018234000	0.205001229000	0.635932387000	1.187705070000
0.000000000000	0.000000000000	0.000000000000	1.000000000000
13	22	60
-0.152863556000	0.718613461000	-0.678398882000	0.350902321000
-0.627619530000	0.459663501000	0.628334020000	-0.808190585000
0.763363349000	0.521828331000	0.380750145000	1.164844450000
0.000000000000	0.000000000000	0.000000000000	1.000000000000
14	19	60
0.998347199000	0.000986396453	0.057464000300	0.422110843000
-0.017028713400	0.960029805000	0.279380375000	-0.894854418000
-0.054890246300	-0.279898084000	0.958459349000	1.069048260000
0.000000000000	0.000000000000	0.000000000000	1.000000000000
14	22	60
0.193651052000	0.744529218000	-0.638885141000	0.213564022000
-0.532449527000	0.626720181000	0.568964173000	-0.518253901000
0.824011800000	0.229995091000	0.517787906000	0.979757898000
0.000000000000	0.000000000000	0.000000000000	1.000000000000
15	19	60
0.838203663000	-0.339409771000	0.426869662000	0.550743517000
0.206006112000	0.921794000000	0.328416367000	-0.742621781000
-0.504952972000	-0.187341738000	0.842570875000	0.779330927000
0.000000000000	0.000000000000	0.000000000000	1.000000000000
15	22	60
0.661833545000	0.607999686000	-0.438535922000	0.247100554000
-0.437060608000	0.788226855000	0.433216139000	-0.427191466000
0.609058630000	-0.095048500800	0.787407705000	0.819296152000
0.000000000000	0.000000000000	0.000000000000	1.000000000000
15	23	60
0.520691931000	0.335390074000	-0.785108378000	0.193962172000
-0.417094011000	0.902322125000	0.108842497000	-0.460475276000
0.744921409000	0.270792077000	0.609721522000	0.600201267000
0.000000000000	0.000000000000	0.000000000000	1.000000000000
16	22	60
0.417085028000	0.733963087000	-0.536038504000	0.061979655600
-0.569201892000	0.670741954000	0.475516057000	-0.082774740200
0.708553074000	0.106785000000	0.697529085000	0.755463259000
0.000000000000	0.000000000000	0.000000000000	1.000000000000
17	19	60
0.867145177000	-0.286117798000	0.407672441000	0.591668296000
0.262281994000	0.958165670000	0.114581911000	-0.541794182000
-0.423401301000	0.007564810690	0.905911223000	0.641544681000
0.000000000000	0.000000000000	0.000000000000	1.000000000000
17	20	60
0.950799125000	-0.135895798000	0.278409648000	0.463981717000
0.167004771000	0.981735386000	-0.091142004500	-0.436507242000
-0.260940010000	0.133154633000	0.956128853000	0.552656851000
0.000000000000	0.000000000000	0.000000000000	1.000000000000
17	23	60
0.468919058000	0.367687161000	-0.803070217000	0.256676171000
-0.596474224000	0.802405222000	0.019097229100	-0.208005014000
0.651406687000	0.470056151000	0.595579777000	0.517640288000
0.000000000000	0.000000000000	0.000000000000	1.000000000000
18	22	60
0.448051602000	0.693343652000	-0.564379127000	0.065441200800
-0.702139130000	0.663683336000	0.257924398000	-0.170741927000
0.553397555000	0.280710310000	0.784187028000	0.545015042000
0.000000000000	0.000000000000	0.000000000000	1.000000000000
19	21	60
0.653187667000	0.514704515000	-0.555358695000	-0.193940778000
-0.532833080000	0.833557395000	0.145845536000	0.189523180000
0.537989664000	0.200650933000	0.818721146000	0.000335473352
0.000000000000	0.000000000000	0.000000000000	1.000000000000
20	22	60
0.349474204000	0.718052732000	-0.601887593000	-0.167371595000
-0.598208011000	0.665416702000	0.446505456000	0.253836740000
0.721120305000	0.204012935000	0.662089173000	0.115110640000
0.000000000000	0.000000000000	0.000000000000	1.000000000000
21	23	60
0.740199911000	0.219426740000	-0.635575808000	-0.205074909000
-0.454262966000	0.860100573000	-0.232099889000	0.167779155000
0.495729163000	0.460519198000	0.736325500000	-0.163961836000
0.000000000000	0.000000000000	0.000000000000	1.000000000000
22	31	60
0.946943534000	0.109150488000	-0.302296095000	-1.093015390000
-0.208531739000	0.924363021000	-0.319472467000	-0.550396499000
0.244561407000	0.365560991000	0.898085006000	0.151664057000
0.000000000000	0.000000000000	0.000000000000	1.000000000000
22	32	60
0.996649613000	-0.063966633400	0.050963047700	-1.051449280000
0.072149408900	0.981103731000	-0.179522094000	-0.718158239000
-0.038516899600	0.182598728000	0.982433867000	0.026956581500
0.000000000000	0.000000000000	0.000000000000	1.000000000000
22	42	60
0.285548130000	-0.518444256000	0.806027499000	-3.402921250000
0.768374955000	0.626497251000	0.130760010000	-1.760459000000
-0.572767740000	0.581993095000	0.577259345000	1.022528230000
0.000000000000	0.000000000000	0.000000000000	1.000000000000
22	43	60
-0.077293736300	-0.390546903000	0.917332019000	-3.619751680000
0.744667844000	0.589178260000	0.313582237000	-1.856100370000
-0.662943374000	0.707348497000	0.245292542000	0.931349979000
0.000000000000	0.000000000000	0.000000000000	1.000000000000
23	24	60
0.895900698000	0.118506207000	-0.428158210000	-0.188305897000
-0.147120269000	0.988526224000	-0.034235390800	-0.000859685343
0.419189099000	0.093662310000	0.903054110000	-0.002145933850
0.000000000000	0.000000000000	0.000000000000	1.000000000000
23	30	60
