0	11	37
5000.000000000000	0.000000000000	0.000000000000	0.000000000000	14755.747100000001	-1158.123660000000
0.000000000000	5000.000000000000	0.000000000000	-14755.747100000001	0.000000000000	-5518.473630000000
0.000000000000	0.000000000000	5000.000000000000	1158.123660000000	5518.473630000000	0.000000000000
0.000000000000	-14755.747100000001	1158.123660000000	45656.027300000002	922.028931000000	16612.228500000001
14755.747100000001	0.000000000000	5518.473630000000	922.028931000000	50920.027300000002	-2742.854490000000
-1158.123660000000	-5518.473630000000	0.000000000000	16612.228500000001	-2742.854490000000	7890.167480000000
0	27	37
4911.000000000000	0.000000000000	0.000000000000	0.000000000000	14689.044900000001	870.541138000000
0.000000000000	4911.000000000000	0.000000000000	-14689.044900000001	0.000000000000	-3286.318120000000
0.000000000000	0.000000000000	4911.000000000000	-870.541138000000	3286.318120000000	0.000000000000
0.000000000000	-14689.044900000001	-870.541138000000	44679.238299999997	-570.612427000000	10044.853499999999
14689.044900000001	0.000000000000	3286.318120000000	-570.612427000000	46711.105499999998	2570.369140000000
870.541138000000	-3286.318120000000	0.000000000000	10044.853499999999	2570.369140000000	3317.349370000000
1	11	37
5000.000000000000	0.000000000000	0.000000000000	0.000000000000	13332.070299999999	-2985.895510000000
0.000000000000	5000.000000000000	0.000000000000	-13332.070299999999	0.000000000000	-5506.706540000000
0.000000000000	0.000000000000	5000.000000000000	2985.895510000000	5506.706540000000	0.000000000000
0.000000000000	-13332.070299999999	2985.895510000000	38287.429700000001	3216.162840000000	14774.610400000000
13332.070299999999	0.000000000000	5506.706540000000	3216.162840000000	41910.093800000002	-7720.782710000000
-2985.895510000000	-5506.706540000000	0.000000000000	14774.610400000000	-7720.782710000000	8802.703130000000
1	12	37
5000.000000000000	0.000000000000	0.000000000000	0.000000000000	12974.891600000001	-1209.395390000000
0.000000000000	5000.000000000000	0.000000000000	-12974.891600000001	0.000000000000	-5195.797360000000
0.000000000000	0.000000000000	5000.000000000000	1209.395390000000	5195.797360000000	0.000000000000
0.000000000000	-12974.891600000001	1209.395390000000	36595.203099999999	1047.752080000000	13629.839800000000
12974.891600000001	0.000000000000	5195.797360000000	1047.752080000000	39564.343800000002	-3047.176270000000
-1209.395390000000	-5195.797360000000	0.000000000000	13629.839800000000	-3047.176270000000	8267.388670000000
1	13	37
5000.000000000000	0.000000000000	0.000000000000	0.000000000000	12917.399400000000	-3280.130130000000
0.000000000000	5000.000000000000	0.000000000000	-12917.399400000000	0.000000000000	-4677.695310000000
0.000000000000	0.000000000000	5000.000000000000	3280.130130000000	4677.695310000000	0.000000000000
0.000000000000	-12917.399400000000	3280.130130000000	36808.058599999997	2903.270020000000	12247.915999999999
12917.399400000000	0.000000000000	4677.695310000000	2903.270020000000	38315.828099999999	-8067.267580000000
-3280.130130000000	-4677.695310000000	0.000000000000	12247.915999999999	-8067.267580000000	7796.960940000000
3	5	37
5000.000000000000	0.000000000000	0.000000000000	0.000000000000	9466.250980000001	-508.484100000000
0.000000000000	5000.000000000000	0.000000000000	-9466.250980000001	0.000000000000	3878.316410000000
0.000000000000	0.000000000000	5000.000000000000	508.484100000000	-3878.316410000000	0.000000000000
0.000000000000	-9466.250980000001	508.484100000000	19843.566400000000	-95.646987900000	-7046.782710000000
9466.250980000001	0.000000000000	-3878.316410000000	-95.646987900000	22441.669900000001	-1045.789430000000
-508.484100000000	3878.316410000000	0.000000000000	-7046.782710000000	-1045.789430000000	4279.860350000000
5	7	37
4595.000000000000	0.000000000000	0.000000000000	0.000000000000	6613.881350000000	-2829.627930000000
0.000000000000	4595.000000000000	0.000000000000	-6613.881350000000	0.000000000000	4782.536620000000
0.000000000000	0.000000000000	4595.000000000000	2829.627930000000	-4782.536620000000	0.000000000000
0.000000000000	-6613.881350000000	2829.627930000000	11786.404300000000	-2922.120360000000	-6892.126950000000
6613.881350000000	0.000000000000	-4782.536620000000	-2922.120360000000	14881.549800000001	-4131.701170000000
-2829.627930000000	4782.536620000000	0.000000000000	-6892.126950000000	-4131.701170000000	7151.882320000000
8	14	37
5000.000000000000	0.000000000000	0.000000000000	0.000000000000	12342.368200000001	-1958.483030000000
0.000000000000	5000.000000000000	0.000000000000	-12342.368200000001	0.000000000000	4059.545650000000
0.000000000000	0.000000000000	5000.000000000000	1958.483030000000	-4059.545650000000	0.000000000000
0.000000000000	-12342.368200000001	1958.483030000000	31579.386699999999	-1564.926030000000	-10116.831099999999
12342.368200000001	0.000000000000	-4059.545650000000	-1564.926030000000	34549.105499999998	-4759.596680000000
-1958.483030000000	4059.545650000000	0.000000000000	-10116.831099999999	-4759.596680000000	4848.106450000000
8	16	37
5000.000000000000	0.000000000000	0.000000000000	0.000000000000	13755.095700000000	2136.778320000000
0.000000000000	5000.000000000000	0.000000000000	-13755.095700000000	0.000000000000	5222.173340000000
0.000000000000	0.000000000000	5000.000000000000	-2136.778320000000	-5222.173340000000	0.000000000000
0.000000000000	-13755.095700000000	-2136.778320000000	39649.628900000003	2213.227050000000	-14293.858399999999
13755.095700000000	0.000000000000	-5222.173340000000	2213.227050000000	43769.019500000002	5653.737790000000
2136.778320000000	5222.173340000000	0.000000000000	-14293.858399999999	5653.737790000000	7192.283200000000
9	10	37
5000.000000000000	0.000000000000	0.000000000000	0.000000000000	12842.276400000001	-5422.087890000000
0.000000000000	5000.000000000000	0.000000000000	-12842.276400000001	0.000000000000	3988.702150000000
0.000000000000	0.000000000000	5000.000000000000	5422.087890000000	-3988.702150000000	0.000000000000
0.000000000000	-12842.276400000001	5422.087890000000	42314.195299999999	-4214.064940000000	-10153.555700000001
12842.276400000001	0.000000000000	-3988.702150000000	-4214.064940000000	40087.687500000000	-14048.280300000000
-5422.087890000000	3988.702150000000	0.000000000000	-10153.555700000001	-14048.280300000000	10180.828100000001
9	15	37
5000.000000000000	0.000000000000	0.000000000000	0.000000000000	12077.716800000000	-5364.940430000000
0.000000000000	5000.000000000000	0.000000000000	-12077.716800000000	0.000000000000	-1801.679570000000
0.000000000000	0.000000000000	5000.000000000000	5364.940430000000	1801.679570000000	0.000000000000
0.000000000000	-12077.716800000000	5364.940430000000	35537.640599999999	1875.444340000000	4286.756350000000
12077.716800000000	0.000000000000	1801.679570000000	1875.444340000000	30318.687500000000	-12831.189500000000
-5364.940430000000	-1801.679570000000	0.000000000000	4286.756350000000	-12831.189500000000	6901.122070000000
9	16	37
3341.000000000000	0.000000000000	0.000000000000	0.000000000000	9178.837890000001	-3955.946780000000
0.000000000000	3341.000000000000	0.000000000000	-9178.837890000001	0.000000000000	1135.357300000000
0.000000000000	0.000000000000	3341.000000000000	3955.946780000000	-1135.357300000000	0.000000000000
0.000000000000	-9178.837890000001	3955.946780000000	30441.724600000001	-1453.272950000000	-3578.924070000000
9178.837890000001	0.000000000000	-1135.357300000000	-1453.272950000000	27052.013700000000	-10897.280300000000
-3955.946780000000	1135.357300000000	0.000000000000	-3578.924070000000	-10897.280300000000	6271.271970000000
10	11	37
5000.000000000000	0.000000000000	0.000000000000	0.000000000000	8772.749019999999	1854.028080000000
0.000000000000	5000.000000000000	0.000000000000	-8772.749019999999	0.000000000000	5325.496580000000
0.000000000000	0.000000000000	5000.000000000000	-1854.028080000000	-5325.496580000000	0.000000000000
0.000000000000	-8772.749019999999	-1854.028080000000	17526.294900000001	2155.841310000000	-9353.026370000000
8772.749019999999	0.000000000000	-5325.496580000000	2155.841310000000	22176.691400000000	3729.605960000000
1854.028080000000	5325.496580000000	0.000000000000	-9353.026370000000	3729.605960000000	7522.350590000000
10	13	37
5000.000000000000	0.000000000000	0.000000000000	0.000000000000	7719.412110000000	317.536072000000
0.000000000000	5000.000000000000	0.000000000000	-7719.412110000000	0.000000000000	4822.295410000000
0.000000000000	0.000000000000	5000.000000000000	-317.536072000000	-4822.295410000000	0.000000000000
0.000000000000	-7719.412110000000	-317.536072000000	12740.215800000000	315.360596000000	-7147.509770000000
7719.412110000000	0.000000000000	-4822.295410000000	315.360596000000	17742.267599999999	722.267517000000
317.536072000000	4822.295410000000	0.000000000000	-7147.509770000000	722.267517000000	5426.712890000000
10	17	37
4010.000000000000	0.000000000000	0.000000000000	0.000000000000	11913.751000000000	2166.342040000000
0.000000000000	4010.000000000000	0.000000000000	-11913.751000000000	0.000000000000	-639.421326000000
0.000000000000	0.000000000000	4010.000000000000	-2166.342040000000	639.421326000000	0.000000000000
0.000000000000	-11913.751000000000	-2166.342040000000	37563.257799999999	-852.386963000000	1752.804440000000
11913.751000000000	0.000000000000	639.421326000000	-852.386963000000	36468.261700000003	6317.666990000000
2166.342040000000	-639.421326000000	0.000000000000	1752.804440000000	6317.666990000000	2712.767820000000
11	14	37
5000.000000000000	0.000000000000	0.000000000000	0.000000000000	10263.246100000000	739.181030000000
0.000000000000	5000.000000000000	0.000000000000	-10263.246100000000	0.000000000000	-2475.047850000000
0.000000000000	0.000000000000	5000.000000000000	-739.181030000000	2475.047850000000	0.000000000000
0.000000000000	-10263.246100000000	-739.181030000000	22218.648399999998	-84.356964100000	4984.530270000000
10263.246100000000	0.000000000000	2475.047850000000	-84.356964100000	23471.683600000000	1758.900150000000
739.181030000000	-2475.047850000000	0.000000000000	4984.530270000000	1758.900150000000	2820.732180000000
11	27	37
4029.000000000000	0.000000000000	0.000000000000	0.000000000000	6807.636720000000	2802.117190000000
0.000000000000	4029.000000000000	0.000000000000	-6807.636720000000	0.000000000000	4319.017580000000
0.000000000000	0.000000000000	4029.000000000000	-2802.117190000000	-4319.017580000000	0.000000000000
0.000000000000	-6807.636720000000	-2802.117190000000	14222.717800000000	2724.905030000000	-7005.632810000000
6807.636720000000	0.000000000000	-4319.017580000000	2724.905030000000	16946.089800000002	4797.324710000000
2802.117190000000	4319.017580000000	0.000000000000	-7005.632810000000	4797.324710000000	7591.533690000000
12	27	37
4672.000000000000	0.000000000000	0.000000000000	0.000000000000	11278.183600000000	571.919922000000
0.000000000000	4672.000000000000	0.000000000000	-11278.183600000000	0.000000000000	431.283813000000
0.000000000000	0.000000000000	4672.000000000000	-571.919922000000	-431.283813000000	0.000000000000
0.000000000000	-11278.183600000000	-571.919922000000	28184.043000000001	-785.694702000000	-911.587463000000
11278.183600000000	0.000000000000	-431.283813000000	-785.694702000000	29487.041000000001	1392.875730000000
571.919922000000	431.283813000000	0.000000000000	-911.587463000000	1392.875730000000	2970.918700000000
13	14	37
5000.000000000000	0.000000000000	0.000000000000	0.000000000000	7584.627930000000	-4413.166500000000
0.000000000000	5000.000000000000	0.000000000000	-7584.627930000000	0.000000000000	-4640.748050000000
0.000000000000	0.000000000000	5000.000000000000	4413.166500000000	4640.748050000000	0.000000000000
0.000000000000	-7584.627930000000	4413.166500000000	17634.127000000000	4315.185060000000	7303.850590000000
7584.627930000000	0.000000000000	4640.748050000000	4315.185060000000	18033.802700000000	-6156.078610000000
-4413.166500000000	-4640.748050000000	0.000000000000	7303.850590000000	-6156.078610000000	9284.222659999999
13	27	37
4272.000000000000	0.000000000000	0.000000000000	0.000000000000	11468.169900000001	420.310425000000
0.000000000000	4272.000000000000	0.000000000000	-11468.169900000001	0.000000000000	-364.413269000000
0.000000000000	0.000000000000	4272.000000000000	-420.310425000000	364.413269000000	0.000000000000
0.000000000000	-11468.169900000001	-420.310425000000	31240.289100000002	-92.316139200000	1171.745730000000
11468.169900000001	0.000000000000	364.413269000000	-92.316139200000	31569.943400000000	1124.536010000000
420.310425000000	-364.413269000000	0.000000000000	1171.745730000000	1124.536010000000	1086.024540000000
14	16	37
5000.000000000000	0.000000000000	0.000000000000	0.000000000000	12529.182600000000	-1190.006590000000
0.000000000000	5000.000000000000	0.000000000000	-12529.182600000000	0.000000000000	-5834.291020000000
0.000000000000	0.000000000000	5000.000000000000	1190.006590000000	5834.291020000000	0.000000000000
0.000000000000	-12529.182600000000	1190.006590000000	33322.902300000002	1631.368160000000	14547.773400000000
12529.182600000000	0.000000000000	5834.291020000000	1631.368160000000	39683.214800000002	-2706.568360000000
-1190.006590000000	-5834.291020000000	0.000000000000	14547.773400000000	-2706.568360000000	8031.406740000000
14	17	37
5000.000000000000	0.000000000000	0.000000000000	0.000000000000	13361.473599999999	-1066.070070000000
0.000000000000	5000.000000000000	0.000000000000	-13361.473599999999	0.000000000000	-5462.295410000000
0.000000000000	0.000000000000	5000.000000000000	1066.070070000000	5462.295410000000	0.000000000000
0.000000000000	-13361.473599999999	1066.070070000000	36755.886700000003	1235.008420000000	14715.335900000000
13361.473599999999	0.000000000000	5462.295410000000	1235.008420000000	42414.312500000000	-2696.039550000000
-1066.070070000000	-5462.295410000000	0.000000000000	14715.335900000000	-2696.039550000000	7013.676760000000
16	18	37
3548.000000000000	0.000000000000	0.000000000000	0.000000000000	9627.565430000001	2435.469970000000
0.000000000000	3548.000000000000	0.000000000000	-9627.565430000001	0.000000000000	3933.905270000000
0.000000000000	0.000000000000	3548.000000000000	-2435.469970000000	-3933.905270000000	0.000000000000
0.000000000000	-9627.565430000001	-2435.469970000000	28907.752000000000	2708.296630000000	-11155.493200000001
9627.565430000001	0.000000000000	-3933.905270000000	2708.296630000000	31666.656299999999	6474.979490000000
2435.469970000000	3933.905270000000	0.000000000000	-11155.493200000001	6474.979490000000	6678.229980000000
16	19	37
3567.000000000000	0.000000000000	0.000000000000	0.000000000000	10300.639600000000	1506.088620000000
0.000000000000	3567.000000000000	0.000000000000	-10300.639600000000	0.000000000000	4578.125980000000
0.000000000000	0.000000000000	3567.000000000000	-1506.088620000000	-4578.125980000000	0.000000000000
0.000000000000	-10300.639600000000	-1506.088620000000	31185.416000000001	1822.438480000000	-13343.114299999999
10300.639600000000	0.000000000000	-4578.125980000000	1822.438480000000	36072.066400000003	4240.544920000000
1506.088620000000	4578.125980000000	0.000000000000	-13343.114299999999	4240.544920000000	7142.982910000000
18	20	37
5000.000000000000	0.000000000000	0.000000000000	0.000000000000	11886.516600000001	-1568.019900000000
0.000000000000	5000.000000000000	0.000000000000	-11886.516600000001	0.000000000000	2061.218510000000
0.000000000000	0.000000000000	5000.000000000000	1568.019900000000	-2061.218510000000	0.000000000000
0.000000000000	-11886.516600000001	1568.019900000000	29324.734400000001	-495.355865000000	-4668.398930000000
11886.516600000001	0.000000000000	-2061.218510000000	-495.355865000000	29775.699199999999	-3892.155760000000
-1568.019900000000	2061.218510000000	0.000000000000	-4668.398930000000	-3892.155760000000	2148.318600000000
20	33	37
1304.000000000000	0.000000000000	0.000000000000	0.000000000000	2464.824460000000	115.029945000000
0.000000000000	1304.000000000000	0.000000000000	-2464.824460000000	0.000000000000	1197.753540000000
0.000000000000	0.000000000000	1304.000000000000	-115.029945000000	-1197.753540000000	0.000000000000
0.000000000000	-2464.824460000000	-115.029945000000	4951.596190000000	200.011536000000	-2318.576660000000
2464.824460000000	0.000000000000	-1197.753540000000	200.011536000000	6003.085940000000	280.981201000000
115.029945000000	1197.753540000000	0.000000000000	-2318.576660000000	280.981201000000	1336.536990000000
20	34	37
1956.000000000000	0.000000000000	0.000000000000	0.000000000000	3435.957520000000	9.495590210000
0.000000000000	1956.000000000000	0.000000000000	-3435.957520000000	0.000000000000	1712.863890000000
0.000000000000	0.000000000000	1956.000000000000	-9.495590210000	-1712.863890000000	0.000000000000
0.000000000000	-3435.957520000000	-9.495590210000	6476.975100000000	143.472488000000	-3059.230220000000
3435.957520000000	0.000000000000	-1712.863890000000	143.472488000000	7933.177730000000	61.289684300000
9.495590210000	1712.863890000000	0.000000000000	-3059.230220000000	61.289684300000	1901.244380000000
20	36	37
1652.000000000000	0.000000000000	0.000000000000	0.000000000000	2659.956300000000	-315.395905000000
0.000000000000	1652.000000000000	0.000000000000	-2659.956300000000	0.000000000000	68.475311300000
0.000000000000	0.000000000000	1652.000000000000	315.395905000000	-68.475311300000	0.000000000000
0.000000000000	-2659.956300000000	315.395905000000	4784.263670000000	323.781464000000	96.598175000000
2659.956300000000	0.000000000000	-68.475311300000	323.781464000000	4882.252930000000	-687.539795000000
-315.395905000000	68.475311300000	0.000000000000	96.598175000000	-687.539795000000	795.380005000000
21	24	37
5000.000000000000	0.000000000000	0.000000000000	0.000000000000	8093.275390000000	3175.108150000000
0.000000000000	5000.000000000000	0.000000000000	-8093.275390000000	0.000000000000	3567.559080000000
0.000000000000	0.000000000000	5000.000000000000	-3175.108150000000	-3567.559080000000	0.000000000000
0.000000000000	-8093.275390000000	-3175.108150000000	17091.687500000000	2384.408200000000	-5775.754880000000
8093.275390000000	0.000000000000	-3567.559080000000	2384.408200000000	17047.824199999999	5371.145510000000
3175.108150000000	3567.559080000000	0.000000000000	-5775.754880000000	5371.145510000000	5485.768070000000
21	29	37
5000.000000000000	0.000000000000	0.000000000000	0.000000000000	10392.293900000001	5750.167970000000
0.000000000000	5000.000000000000	0.000000000000	-10392.293900000001	0.000000000000	171.155090000000
0.000000000000	0.000000000000	5000.000000000000	-5750.167970000000	-171.155090000000	0.000000000000
0.000000000000	-10392.293900000001	-5750.167970000000	28791.609400000001	322.792542000000	-115.209785000000
10392.293900000001	0.000000000000	-171.155090000000	322.792542000000	22580.494100000000	11752.972700000000
5750.167970000000	171.155090000000	0.000000000000	-115.209785000000	11752.972700000000	7710.813960000000
21	30	37
5000.000000000000	0.000000000000	0.000000000000	0.000000000000	11075.116200000000	4749.483890000000
0.000000000000	5000.000000000000	0.000000000000	-11075.116200000000	0.000000000000	-1506.738040000000
0.000000000000	0.000000000000	5000.000000000000	-4749.483890000000	1506.738040000000	0.000000000000
0.000000000000	-11075.116200000000	-4749.483890000000	29813.322300000000	-1269.910160000000	3574.733400000000
11075.116200000000	0.000000000000	1506.738040000000	-1269.910160000000	25728.884800000000	10305.471700000000
4749.483890000000	-1506.738040000000	0.000000000000	3574.733400000000	10305.471700000000	6021.076170000000
21	31	37
5000.000000000000	0.000000000000	0.000000000000	0.000000000000	11835.289100000000	2598.966800000000
0.000000000000	5000.000000000000	0.000000000000	-11835.289100000000	0.000000000000	-2297.908690000000
0.000000000000	0.000000000000	5000.000000000000	-2598.966800000000	2297.908690000000	0.000000000000
0.000000000000	-11835.289100000000	-2598.966800000000	30375.802700000000	-1057.436890000000	5608.849120000000
11835.289100000000	0.000000000000	2297.908690000000	-1057.436890000000	29776.769499999999	6025.464360000000
2598.966800000000	-2297.908690000000	0.000000000000	5608.849120000000	6025.464360000000	3756.056880000000
22	24	37
5000.000000000000	0.000000000000	0.000000000000	0.000000000000	10037.721700000000	68.831138600000
0.000000000000	5000.000000000000	0.000000000000	-10037.721700000000	0.000000000000	1725.214360000000
0.000000000000	0.000000000000	5000.000000000000	-68.831138600000	-1725.214360000000	0.000000000000
0.000000000000	-10037.721700000000	-68.831138600000	21644.109400000001	104.854095000000	-3248.059570000000
10037.721700000000	0.000000000000	-1725.214360000000	104.854095000000	21807.500000000000	178.935013000000
68.831138600000	1725.214360000000	0.000000000000	-3248.059570000000	178.935013000000	1584.280520000000
22	27	37
5000.000000000000	0.000000000000	0.000000000000	0.000000000000	9825.562500000000	1353.135500000000
0.000000000000	5000.000000000000	0.000000000000	-9825.562500000000	0.000000000000	2609.453370000000
0.000000000000	0.000000000000	5000.000000000000	-1353.135500000000	-2609.453370000000	0.000000000000
0.000000000000	-9825.562500000000	-1353.135500000000	21092.507799999999	1006.041260000000	-5327.219730000000
9825.562500000000	0.000000000000	-2609.453370000000	1006.041260000000	21551.421900000001	3149.021730000000
1353.135500000000	2609.453370000000	0.000000000000	-5327.219730000000	3149.021730000000	2821.654050000000
22	30	37
5000.000000000000	0.000000000000	0.000000000000	0.000000000000	10438.660200000000	2418.898440000000
0.000000000000	5000.000000000000	0.000000000000	-10438.660200000000	0.000000000000	-3380.464360000000
0.000000000000	0.000000000000	5000.000000000000	-2418.898440000000	3380.464360000000	0.000000000000
0.000000000000	-10438.660200000000	-2418.898440000000	24513.906299999999	-1565.788820000000	6954.938480000000
10438.660200000000	0.000000000000	3380.464360000000	-1565.788820000000	24807.291000000001	4843.746580000000
2418.898440000000	-3380.464360000000	0.000000000000	6954.938480000000	4843.746580000000	5542.126950000000
22	31	37
5000.000000000000	0.000000000000	0.000000000000	0.000000000000	11123.084000000001	-1948.185550000000
0.000000000000	5000.000000000000	0.000000000000	-11123.084000000001	0.000000000000	-3408.708980000000
0.000000000000	0.000000000000	5000.000000000000	1948.185550000000	3408.708980000000	0.000000000000
0.000000000000	-11123.084000000001	1948.185550000000	26120.669900000001	921.762512000000	7446.724610000000
11123.084000000001	0.000000000000	3408.708980000000	921.762512000000	27827.169900000001	-4473.849120000000
-1948.185550000000	-3408.708980000000	0.000000000000	7446.724610000000	-4473.849120000000	4162.443850000000
23	24	37
5000.000000000000	0.000000000000	0.000000000000	0.000000000000	7505.446780000000	-4827.831540000000
0.000000000000	5000.000000000000	0.000000000000	-7505.446780000000	0.000000000000	2427.673830000000
0.000000000000	0.000000000000	5000.000000000000	4827.831540000000	-2427.673830000000	0.000000000000
0.000000000000	-7505.446780000000	4827.831540000000	16718.136699999999	-2333.706050000000	-3701.266600000000
7505.446780000000	0.000000000000	-2427.673830000000	-2333.706050000000	13443.534200000000	-7241.111820000000
-4827.831540000000	2427.673830000000	0.000000000000	-3701.266600000000	-7241.111820000000	6195.983890000000
23	27	37
5000.000000000000	0.000000000000	0.000000000000	0.000000000000	7059.371580000000	-4540.982910000000
0.000000000000	5000.000000000000	0.000000000000	-7059.371580000000	0.000000000000	2728.682860000000
0.000000000000	0.000000000000	5000.000000000000	4540.982910000000	-2728.682860000000	0.000000000000
0.000000000000	-7059.371580000000	4540.982910000000	15019.282200000000	-2425.756590000000	-4051.324950000000
7059.371580000000	0.000000000000	-2728.682860000000	-2425.756590000000	12312.308600000000	-6323.015630000000
-4540.982910000000	2728.682860000000	0.000000000000	-4051.324950000000	-6323.015630000000	6139.519530000000
24	25	37
5000.000000000000	0.000000000000	0.000000000000	0.000000000000	5849.465330000000	106.569824000000
0.000000000000	5000.000000000000	0.000000000000	-5849.465330000000	0.000000000000	3311.684810000000
0.000000000000	0.000000000000	5000.000000000000	-106.569824000000	-3311.684810000000	0.000000000000
0.000000000000	-5849.465330000000	-106.569824000000	10550.244100000000	578.423218000000	-4980.363280000000
5849.465330000000	0.000000000000	-3311.684810000000	578.423218000000	12726.620100000000	1381.153320000000
106.569824000000	3311.684810000000	0.000000000000	-4980.363280000000	1381.153320000000	3364.580320000000
24	30	37
180.000000000000	0.000000000000	0.000000000000	0.000000000000	292.136597000000	-25.611816400000
0.000000000000	180.000000000000	0.000000000000	-292.136597000000	0.000000000000	-112.202393000000
0.000000000000	0.000000000000	180.000000000000	25.611816400000	112.202393000000	0.000000000000
0.000000000000	-292.136597000000	25.611816400000	500.103271000000	15.684609400000	181.664993000000
292.136597000000	0.000000000000	112.202393000000	15.684609400000	550.898560000000	-49.499954200000
-25.611816400000	-112.202393000000	0.000000000000	181.664993000000	-49.499954200000	91.710289000000
25	26	37
3791.000000000000	0.000000000000	0.000000000000	0.000000000000	2921.557370000000	1550.089480000000
0.000000000000	3791.000000000000	0.000000000000	-2921.557370000000	0.000000000000	479.933441000000
0.000000000000	0.000000000000	3791.000000000000	-1550.089480000000	-479.933441000000	0.000000000000
0.000000000000	-2921.557370000000	-1550.089480000000	3017.637940000000	180.829849000000	-350.716766000000
2921.557370000000	0.000000000000	-479.933441000000	180.829849000000	2479.871830000000	1155.396000000000
1550.089480000000	479.933441000000	0.000000000000	-350.716766000000	1155.396000000000	860.833252000000
25	28	37
4194.000000000000	0.000000000000	0.000000000000	0.000000000000	4075.602540000000	-130.504211000000
0.000000000000	4194.000000000000	0.000000000000	-4075.602540000000	0.000000000000	-1173.067750000000
0.000000000000	0.000000000000	4194.000000000000	130.504211000000	1173.067750000000	0.000000000000
0.000000000000	-4075.602540000000	130.504211000000	4421.915040000000	-60.475231200000	1361.090580000000
4075.602540000000	0.000000000000	1173.067750000000	-60.475231200000	4834.142580000000	39.842384300000
-130.504211000000	-1173.067750000000	0.000000000000	1361.090580000000	39.842384300000	680.232910000000
27	28	37
5000.000000000000	0.000000000000	0.000000000000	0.000000000000	4868.554690000000	-4596.900880000000
0.000000000000	5000.000000000000	0.000000000000	-4868.554690000000	0.000000000000	-2103.497560000000
0.000000000000	0.000000000000	5000.000000000000	4596.900880000000	2103.497560000000	0.000000000000
0.000000000000	-4868.554690000000	4596.900880000000	9390.416990000000	1995.728390000000	2278.124760000000
4868.554690000000	0.000000000000	2103.497560000000	1995.728390000000	6490.233400000000	-4518.928710000000
-4596.900880000000	-2103.497560000000	0.000000000000	2278.124760000000	-4518.928710000000	5632.998050000000
28	31	37
3392.000000000000	0.000000000000	0.000000000000	0.000000000000	4302.384770000000	-1320.513180000000
0.000000000000	3392.000000000000	0.000000000000	-4302.384770000000	0.000000000000	-3966.459720000000
0.000000000000	0.000000000000	3392.000000000000	1320.513180000000	3966.459720000000	0.000000000000
0.000000000000	-4302.384770000000	1320.513180000000	6244.183110000000	1510.467650000000	5024.605470000000
4302.384770000000	0.000000000000	3966.459720000000	1510.467650000000	10345.873000000000	-1709.695190000000
-1320.513180000000	-3966.459720000000	0.000000000000	5024.605470000000	-1709.695190000000	5267.606930000000
29	31	37
3908.000000000000	0.000000000000	0.000000000000	0.000000000000	5951.574220000000	-805.517639000000
0.000000000000	3908.000000000000	0.000000000000	-5951.574220000000	0.000000000000	-2677.108400000000
0.000000000000	0.000000000000	3908.000000000000	805.517639000000	2677.108400000000	0.000000000000
0.000000000000	-5951.574220000000	805.517639000000	9774.519530000000	272.822601000000	3922.778320000000
5951.574220000000	0.000000000000	2677.108400000000	272.822601000000	11493.848599999999	-1417.274660000000
-805.517639000000	-2677.108400000000	0.000000000000	3922.778320000000	-1417.274660000000	2809.919190000000
30	32	37
5000.000000000000	0.000000000000	0.000000000000	0.000000000000	8242.427729999999	-4679.182620000000
0.000000000000	5000.000000000000	0.000000000000	-8242.427729999999	0.000000000000	-4847.832520000000
0.000000000000	0.000000000000	5000.000000000000	4679.182620000000	4847.832520000000	0.000000000000
0.000000000000	-8242.427729999999	4679.182620000000	18621.929700000001	4679.078130000000	8014.309080000000
8242.427729999999	0.000000000000	4847.832520000000	4679.078130000000	18598.236300000000	-7727.742680000000
-4679.182620000000	-4847.832520000000	0.000000000000	8014.309080000000	-7727.742680000000	9981.988280000000
30	33	37
1647.000000000000	0.000000000000	0.000000000000	0.000000000000	2353.413090000000	-1846.982790000000
0.000000000000	1647.000000000000	0.000000000000	-2353.413090000000	0.000000000000	-1888.080320000000
0.000000000000	0.000000000000	1647.000000000000	1846.982790000000	1888.080320000000	0.000000000000
0.000000000000	-2353.413090000000	1846.982790000000	5778.554200000000	2135.295900000000	2775.575930000000
2353.413090000000	0.000000000000	1888.080320000000	2135.295900000000	5730.104490000000	-2576.384030000000
-1846.982790000000	-1888.080320000000	0.000000000000	2775.575930000000	-2576.384030000000	4551.314940000000
31	35	37
2729.000000000000	0.000000000000	0.000000000000	0.000000000000	2757.331540000000	875.710999000000
0.000000000000	2729.000000000000	0.000000000000	-2757.331540000000	0.000000000000	-3076.288330000000
0.000000000000	0.000000000000	2729.000000000000	-875.710999000000	3076.288330000000	0.000000000000
0.000000000000	-2757.331540000000	-875.710999000000	3317.868650000000	-964.052002000000	3101.969240000000
2757.331540000000	0.000000000000	3076.288330000000	-964.052002000000	6347.686040000000	802.819702000000
875.710999000000	-3076.288330000000	0.000000000000	3101.969240000000	802.819702000000	3931.324220000000
31	36	37
4022.000000000000	0.000000000000	0.000000000000	0.000000000000	4150.331050000000	1275.703860000000
0.000000000000	4022.000000000000	0.000000000000	-4150.331050000000	0.000000000000	-4478.655270000000
0.000000000000	0.000000000000	4022.000000000000	-1275.703860000000	4478.655270000000	0.000000000000
0.000000000000	-4150.331050000000	-1275.703860000000	5300.633300000000	-1367.562620000000	4611.408690000000
4150.331050000000	0.000000000000	4478.655270000000	-1367.562620000000	9485.794920000000	1114.893310000000
1275.703860000000	-4478.655270000000	0.000000000000	4611.408690000000	1114.893310000000	5853.389160000000
