0	11	37
0.845403263000	0.184488299000	-0.501254531000	-0.871081512000
0.024190222100	0.924268732000	0.380979024000	-0.009370982560
0.533578586000	-0.334206210000	0.776917536000	0.938034250000
0.000000000000	0.000000000000	0.000000000000	1.000000000000
0	27	37
-0.099880360900	0.107629987000	0.989160283000	-3.699847660000
0.209464001000	0.974129376000	-0.084843011100	-0.269254424000
-0.972700799000	0.198718435000	-0.119841896000	2.552552320000
0.000000000000	0.000000000000	0.000000000000	1.000000000000
1	11	37
0.687424464000	0.293490134000	-0.664312434000	-1.057783560000
0.177002143000	0.819422857000	0.545178102000	0.196681838000
0.704355890000	-0.492352814000	0.511341016000	0.800738200000
0.000000000000	0.000000000000	0.000000000000	1.000000000000
1	12	37
0.960556540000	0.033808444700	-0.276018756000	-1.116873040000
0.051059258000	0.954264797000	0.294571850000	0.062695909400
0.273353584000	-0.297047636000	0.914897341000	0.439388872000
0.000000000000	0.000000000000	0.000000000000	1.000000000000
1	13	37
0.980321934000	-0.065946368600	-0.186059221000	-0.938714246000
0.120942954000	0.945578266000	0.302083796000	0.059428536200
0.156012316000	-0.318643613000	0.934945573000	0.250832924000
0.000000000000	0.000000000000	0.000000000000	1.000000000000
3	5	37
0.786899934000	-0.222962581000	0.575392042000	-0.207416877000
0.242832724000	0.969095423000	0.043425343700	0.167282662000
-0.567293402000	0.105553648000	0.816723997000	-0.210308429000
0.000000000000	0.000000000000	0.000000000000	1.000000000000
5	7	37
0.300628685000	-0.554189304000	0.776205921000	-0.086675535300
0.558343551000	0.762078161000	0.327854712000	0.134648212000
-0.773222281000	0.334826462000	0.538530074000	-0.252140139000
0.000000000000	0.000000000000	0.000000000000	1.000000000000
8	14	37
0.117748647000	-0.433278662000	0.893534912000	-0.209235553000
0.476566249000	0.814064577000	0.331942162000	-0.291461592000
-0.871216951000	0.386743511000	0.302341474000	0.626277413000
0.000000000000	0.000000000000	0.000000000000	1.000000000000
8	16	37
0.950610966000	-0.179520622000	0.253201750000	0.676507520000
0.167604260000	0.983502913000	0.068063225900	-0.541325023000
-0.261242096000	-0.022262909000	0.965015793000	1.037638530000
0.000000000000	0.000000000000	0.000000000000	1.000000000000
9	10	37
0.893077339000	-0.316428340000	0.319825053000	-0.070129513800
0.073032202300	0.803405537000	0.590936024000	0.148324383000
-0.443937771000	-0.504391875000	0.740612461000	0.069353142900
0.000000000000	0.000000000000	0.000000000000	1.000000000000
9	15	37
0.982745740000	-0.184769463000	-0.008449330860	0.020193657300
0.135890443000	0.690276953000	0.710672648000	0.265155160000
-0.125478546000	-0.699556997000	0.703471595000	0.827538672000
0.000000000000	0.000000000000	0.000000000000	1.000000000000
9	16	37
0.990146484000	-0.137984138000	-0.023876500800	0.382550566000
0.126773073000	0.810825172000	0.571396077000	0.263974039000
-0.059484090500	-0.568792105000	0.820326296000	1.321505760000
0.000000000000	0.000000000000	0.000000000000	1.000000000000
10	11	37
0.695141522000	-0.287322221000	0.658957648000	-0.130291160000
0.373691104000	0.927499166000	0.010205571500	-0.107840833000
-0.614112392000	0.239152916000	0.752111269000	0.183584131000
0.000000000000	0.000000000000	0.000000000000	1.000000000000
10	13	37
0.137529068000	-0.072126710100	0.987867633000	-0.701771146000
0.583263901000	0.811988544000	-0.021914668500	-0.056298260500
-0.800554215000	0.579201211000	0.153740341000	0.105055871000
0.000000000000	0.000000000000	0.000000000000	1.000000000000
10	17	37
0.919018165000	-0.266374687000	0.290602552000	-0.388821215000
0.239327340000	0.962776783000	0.125650212000	-0.799771285000
-0.313254770000	-0.045924302600	0.948557796000	1.477576670000
0.000000000000	0.000000000000	0.000000000000	1.000000000000
11	14	37
0.997738807000	0.037394764300	-0.055837884000	-0.376269301000
-0.034646277700	0.998177901000	0.049404074000	0.073328536900
0.057582028800	-0.047358142000	0.997215727000	-0.123981903000
0.000000000000	0.000000000000	0.000000000000	1.000000000000
11	27	37
-0.598385550000	0.220587355000	0.770243661000	-1.536266450000
0.500256170000	0.853798454000	0.144122774000	-1.301657120000
-0.625840378000	0.471559045000	-0.621250869000	2.573265460000
0.000000000000	0.000000000000	0.000000000000	1.000000000000
12	27	37
-0.126653412000	0.129764883000	0.983423399000	-2.618656180000
0.263046960000	0.960305940000	-0.092836538700	-0.282281827000
-0.956433135000	0.246928607000	-0.155759365000	2.041682210000
0.000000000000	0.000000000000	0.000000000000	1.000000000000
13	14	37
0.763523454000	0.363491833000	-0.533767313000	-0.231895465000
-0.110955598000	0.888094266000	0.446070600000	0.018700847400
0.636177241000	-0.281359986000	0.718410961000	0.243345383000
0.000000000000	0.000000000000	0.000000000000	1.000000000000
13	27	37
-0.010353163100	0.203910751000	0.978935549000	-2.955711350000
0.269616491000	0.943298786000	-0.193635561000	-0.047851651300
-0.962911646000	0.261932849000	-0.064743213800	2.000541510000
0.000000000000	0.000000000000	0.000000000000	1.000000000000
14	16	37
0.419406739000	0.466962039000	-0.778488050000	-0.373166394000
-0.376472867000	0.869805176000	0.318913324000	-0.428087450000
0.826054718000	0.159325899000	0.540601152000	0.832873728000
0.000000000000	0.000000000000	0.000000000000	1.000000000000
14	17	37
0.944073440000	0.157615497000	-0.289626828000	-0.790289721000
-0.099993162800	0.973845011000	0.204029721000	-0.406338900000
0.314210187000	-0.163658341000	0.935140966000	0.948692905000
0.000000000000	0.000000000000	0.000000000000	1.000000000000
16	18	37
0.850318420000	-0.006851779670	0.526222024000	0.290033208000
0.159786267000	0.956074000000	-0.245748924000	-0.426238032000
-0.501423986000	0.293047810000	0.814062106000	0.678094603000
0.000000000000	0.000000000000	0.000000000000	1.000000000000
16	19	37
0.920721200000	-0.044625998900	0.387659552000	0.702164046000
0.130538705000	0.971428765000	-0.198212019000	-0.634013671000
-0.367740259000	0.233102638000	0.900239719000	0.988360063000
0.000000000000	0.000000000000	0.000000000000	1.000000000000
18	20	37
0.852124234000	-0.451147306000	0.265240563000	0.213394517000
0.315924168000	0.847495634000	0.426548722000	-0.156902796000
-0.417226840000	-0.279675898000	0.864698311000	0.986096496000
0.000000000000	0.000000000000	0.000000000000	1.000000000000
20	33	37
0.882788665000	0.268495606000	-0.385479580000	1.597134590000
-0.402159256000	0.856049341000	-0.324729569000	-1.023819270000
0.242802872000	0.441690069000	0.863687818000	0.435585482000
0.000000000000	0.000000000000	0.000000000000	1.000000000000
20	34	37
0.651537223000	0.623233873000	-0.432526968000	1.581782020000
-0.513200443000	0.781989954000	0.353718857000	-1.087905800000
0.558682861000	-0.008488190970	0.829338753000	0.702154763000
0.000000000000	0.000000000000	0.000000000000	1.000000000000
20	36	37
0.518779275000	0.416317761000	-0.746691410000	1.637919680000
-0.580734412000	0.812582858000	0.049575103800	-1.080250410000
0.627389488000	0.407909118000	0.663320593000	0.562255304000
0.000000000000	0.000000000000	0.000000000000	1.000000000000
21	24	37
0.808370152000	-0.251347304000	0.532317386000	0.033445992500
0.409120833000	0.890063263000	-0.201018191000	-0.568421744000
-0.423270885000	0.380278973000	0.822331727000	0.529359291000
0.000000000000	0.000000000000	0.000000000000	1.000000000000
21	29	37
0.987946988000	0.076211790300	0.134734232000	0.169137975000
-0.039748512200	0.966120537000	-0.255014388000	-0.758321319000
-0.149604640000	0.246585026000	0.957504867000	0.696616197000
0.000000000000	0.000000000000	0.000000000000	1.000000000000
21	30	37
0.964268739000	0.117264811000	-0.237559576000	0.205118293000
-0.248675248000	0.709851919000	-0.658993124000	-0.751181964000
0.091355966500	0.694522948000	0.713648748000	0.561698898000
0.000000000000	0.000000000000	0.000000000000	1.000000000000
21	31	37
0.854683749000	0.470327192000	-0.219790200000	0.018616262900
-0.394874125000	0.863802835000	0.312919112000	-0.920789744000
0.337031518000	-0.180658158000	0.923998663000	1.082939540000
0.000000000000	0.000000000000	0.000000000000	1.000000000000
22	24	37
0.956851005000	-0.170849879000	0.235046319000	-0.003905728690
0.142971302000	0.981011020000	0.131049733000	-0.239647568000
-0.252973191000	-0.091789623000	0.963109733000	0.692698979000
0.000000000000	0.000000000000	0.000000000000	1.000000000000
22	27	37
0.683148716000	0.198197372000	0.702869298000	-0.113615059000
0.243822157000	0.845332701000	-0.475352638000	-0.256764922000
-0.688373638000	0.496112912000	0.529163987000	0.537108309000
0.000000000000	0.000000000000	0.000000000000	1.000000000000
22	30	37
0.834848443000	0.054641094100	-0.547761557000	0.113666979000
-0.245783531000	0.927369106000	-0.282092011000	-0.402023094000
0.492563785000	0.370137894000	0.787643193000	0.846742307000
0.000000000000	0.000000000000	0.000000000000	1.000000000000
22	31	37
0.635599845000	0.658804758000	-0.402478790000	-0.238747597000
-0.268168167000	0.677274111000	0.685114020000	-0.325067103000
0.723947442000	-0.327526466000	0.607148839000	1.299648070000
0.000000000000	0.000000000000	0.000000000000	1.000000000000
23	24	37
0.920352141000	-0.322193908000	0.221683430000	0.081217407800
0.106490788000	0.751871263000	0.650653108000	0.155310318000
-0.376314182000	-0.575223154000	0.726296856000	0.425493088000
0.000000000000	0.000000000000	0.000000000000	1.000000000000
23	27	37
0.629849780000	0.069466983100	0.773604309000	-0.026087500600
-0.074640964200	0.996795738000	-0.028739062200	0.044528858400
-0.773122660000	-0.039641730500	0.633017410000	0.312574133000
0.000000000000	0.000000000000	0.000000000000	1.000000000000
24	25	37
0.643985512000	-0.428192104000	0.633982645000	-0.004962098240
0.402769705000	0.894311187000	0.194896053000	0.015277046200
-0.650432256000	0.129839966000	0.748385424000	0.049697552900
0.000000000000	0.000000000000	0.000000000000	1.000000000000
24	30	37
0.639079792000	0.091236711900	-0.763709936000	0.050315510700
-0.428962711000	0.866451164000	-0.255449393000	-0.193519461000
0.638410653000	0.490857423000	0.592868528000	0.154716249000
0.000000000000	0.000000000000	0.000000000000	1.000000000000
25	26	37
0.939511140000	0.029746120900	0.341220238000	-0.030827191200
0.152026044000	0.856497748000	-0.493253411000	-0.015655466000
-0.306927350000	0.515291511000	0.800169064000	-0.124219342000
0.000000000000	0.000000000000	0.000000000000	1.000000000000
25	28	37
0.845971223000	0.384264506000	-0.369692128000	0.042603958900
-0.329276767000	0.921791795000	0.204638544000	0.010910844000
0.419414493000	-0.051388426500	0.906339512000	0.006589727580
0.000000000000	0.000000000000	0.000000000000	1.000000000000
27	28	37
0.976070739000	0.104173795000	-0.190880047000	-0.014279237800
0.094759338600	0.586300552000	0.804533489000	0.168072539000
0.195723103000	-0.803367475000	0.562399077000	0.151402232000
0.000000000000	0.000000000000	0.000000000000	1.000000000000
28	31	37
0.085434798900	0.865464834000	-0.493630594000	-0.547522738000
-0.631036296000	0.430406001000	0.645400778000	-0.146927389000
0.771034849000	0.256359760000	0.582911526000	0.330278357000
0.000000000000	0.000000000000	0.000000000000	1.000000000000
29	31	37
0.809656311000	0.457349365000	-0.367813560000	-0.200044954000
-0.233252710000	0.825832985000	0.513410894000	-0.073173770200
0.538562781000	-0.329893487000	0.775319932000	0.391057276000
0.000000000000	0.000000000000	0.000000000000	1.000000000000
30	32	37
0.537301247000	0.452937214000	-0.711445632000	-0.177871655000
0.019664258200	0.836596328000	0.547465191000	0.096025153400
0.843161323000	-0.308144960000	0.440598229000	0.896229369000
0.000000000000	0.000000000000	0.000000000000	1.000000000000
30	33	37
0.138052001000	0.331464260000	-0.933313547000	-0.043420106700
0.084593241400	0.934945125000	0.344556234000	0.045656795000
0.986806209000	-0.126520045000	0.101031771000	1.057321820000
0.000000000000	0.000000000000	0.000000000000	1.000000000000
31	35	37
-0.129680421000	0.290638277000	-0.948004117000	0.145127952000
-0.731563082000	0.617334100000	0.289335802000	-0.670544024000
0.669327723000	0.731044825000	0.132565959000	0.213944494000
0.000000000000	0.000000000000	0.000000000000	1.000000000000
31	36	37
-0.109815164000	0.445330431000	-0.888608016000	0.142986349000
-0.719172374000	0.581515233000	0.380304110000	-0.576168801000
0.686099422000	0.680824440000	0.256411619000	0.232083126000
0.000000000000	0.000000000000	0.000000000000	1.000000000000
