0	8	57
4010.000000000000	0.000000000000	0.000000000000	0.000000000000	8415.337890000001	240.678787000000
0.000000000000	4010.000000000000	0.000000000000	-8415.337890000001	0.000000000000	-3709.506100000000
0.000000000000	0.000000000000	4010.000000000000	-240.678787000000	3709.506100000000	0.000000000000
0.000000000000	-8415.337890000001	-240.678787000000	18928.718799999999	-297.971954000000	7994.689450000000
8415.337890000001	0.000000000000	3709.506100000000	-297.971954000000	21693.013700000000	776.400146000000
240.678787000000	-3709.506100000000	0.000000000000	7994.689450000000	776.400146000000	4495.236330000000
0	9	57
5000.000000000000	0.000000000000	0.000000000000	0.000000000000	10094.595700000000	-312.462006000000
0.000000000000	5000.000000000000	0.000000000000	-10094.595700000000	0.000000000000	-2676.681400000000
0.000000000000	0.000000000000	5000.000000000000	312.462006000000	2676.681400000000	0.000000000000
0.000000000000	-10094.595700000000	312.462006000000	21465.406299999999	-219.907043000000	5883.365230000000
10094.595700000000	0.000000000000	2676.681400000000	-219.907043000000	22987.636699999999	-270.299866000000
-312.462006000000	-2676.681400000000	0.000000000000	5883.365230000000	-270.299866000000	2661.900630000000
0	10	57
4475.000000000000	0.000000000000	0.000000000000	0.000000000000	8978.109380000000	65.924034100000
0.000000000000	4475.000000000000	0.000000000000	-8978.109380000000	0.000000000000	-1773.177250000000
0.000000000000	0.000000000000	4475.000000000000	-65.924034100000	1773.177250000000	0.000000000000
0.000000000000	-8978.109380000000	-65.924034100000	18714.083999999999	-520.903503000000	3933.399410000000
8978.109380000000	0.000000000000	1773.177250000000	-520.903503000000	20001.763700000000	333.710999000000
65.924034100000	-1773.177250000000	0.000000000000	3933.399410000000	333.710999000000	2297.596190000000
0	15	57
5000.000000000000	0.000000000000	0.000000000000	0.000000000000	10021.743200000001	-1334.694460000000
0.000000000000	5000.000000000000	0.000000000000	-10021.743200000001	0.000000000000	5334.877930000000
0.000000000000	0.000000000000	5000.000000000000	1334.694460000000	-5334.877930000000	0.000000000000
0.000000000000	-10021.743200000001	1334.694460000000	21490.998000000000	-1266.401860000000	-10697.492200000001
10021.743200000001	0.000000000000	-5334.877930000000	-1266.401860000000	26433.668000000001	-2829.689450000000
-1334.694460000000	5334.877930000000	0.000000000000	-10697.492200000001	-2829.689450000000	6757.629880000000
0	23	57
5000.000000000000	0.000000000000	0.000000000000	0.000000000000	8459.470700000000	-1431.032350000000
0.000000000000	5000.000000000000	0.000000000000	-8459.470700000000	0.000000000000	1194.984010000000
0.000000000000	0.000000000000	5000.000000000000	1431.032350000000	-1194.984010000000	0.000000000000
0.000000000000	-8459.470700000000	1431.032350000000	15572.274400000000	37.878376000000	-2393.856930000000
8459.470700000000	0.000000000000	-1194.984010000000	37.878376000000	16085.419900000001	-2062.965090000000
-1431.032350000000	1194.984010000000	0.000000000000	-2393.856930000000	-2062.965090000000	2118.461910000000
0	29	57
929.000000000000	0.000000000000	0.000000000000	0.000000000000	1787.944820000000	-1.508393530000
0.000000000000	929.000000000000	0.000000000000	-1787.944820000000	0.000000000000	-189.847549000000
0.000000000000	0.000000000000	929.000000000000	1.508393530000	189.847549000000	0.000000000000
0.000000000000	-1787.944820000000	1.508393530000	3470.027590000000	2.148357150000	364.205780000000
1787.944820000000	0.000000000000	189.847549000000	2.148357150000	3502.817870000000	-1.467463730000
-1.508393530000	-189.847549000000	0.000000000000	364.205780000000	-1.467463730000	85.526451100000
1	26	57
3305.000000000000	0.000000000000	0.000000000000	0.000000000000	6877.506350000000	1673.978520000000
0.000000000000	3305.000000000000	0.000000000000	-6877.506350000000	0.000000000000	-2041.789180000000
0.000000000000	0.000000000000	3305.000000000000	-1673.978520000000	2041.789180000000	0.000000000000
0.000000000000	-6877.506350000000	-1673.978520000000	15735.502899999999	-1162.422120000000	4216.082520000000
6877.506350000000	0.000000000000	2041.789180000000	-1162.422120000000	16057.548800000000	3670.673340000000
1673.978520000000	-2041.789180000000	0.000000000000	4216.082520000000	3670.673340000000	2695.104250000000
2	3	57
5000.000000000000	0.000000000000	0.000000000000	0.000000000000	9220.267580000000	-3901.999760000000
0.000000000000	5000.000000000000	0.000000000000	-9220.267580000000	0.000000000000	4202.797360000000
0.000000000000	0.000000000000	5000.000000000000	3901.999760000000	-4202.797360000000	0.000000000000
0.000000000000	-9220.267580000000	3901.999760000000	21790.043000000001	-2857.490970000000	-8042.705080000000
9220.267580000000	0.000000000000	-4202.797360000000	-2857.490970000000	21822.533200000002	-6961.194820000000
-3901.999760000000	4202.797360000000	0.000000000000	-8042.705080000000	-6961.194820000000	7967.936040000000
2	12	57
3748.000000000000	0.000000000000	0.000000000000	0.000000000000	6861.553710000000	-2830.602780000000
0.000000000000	3748.000000000000	0.000000000000	-6861.553710000000	0.000000000000	3952.407230000000
0.000000000000	0.000000000000	3748.000000000000	2830.602780000000	-3952.407230000000	0.000000000000
0.000000000000	-6861.553710000000	2830.602780000000	15801.308600000000	-2775.037600000000	-7381.901860000000
6861.553710000000	0.000000000000	-3952.407230000000	-2775.037600000000	17548.320299999999	-4933.870610000000
-2830.602780000000	3952.407230000000	0.000000000000	-7381.901860000000	-4933.870610000000	7236.898440000000
2	23	57
5000.000000000000	0.000000000000	0.000000000000	0.000000000000	11264.501000000000	-3675.958250000000
0.000000000000	5000.000000000000	0.000000000000	-11264.501000000000	0.000000000000	875.250244000000
0.000000000000	0.000000000000	5000.000000000000	3675.958250000000	-875.250244000000	0.000000000000
0.000000000000	-11264.501000000000	3675.958250000000	28912.685500000000	-565.160522000000	-1682.040040000000
11264.501000000000	0.000000000000	-875.250244000000	-565.160522000000	28082.943400000000	-8146.900880000000
-3675.958250000000	875.250244000000	0.000000000000	-1682.040040000000	-8146.900880000000	5257.475100000000
2	24	57
5000.000000000000	0.000000000000	0.000000000000	0.000000000000	11823.565399999999	-3456.672120000000
0.000000000000	5000.000000000000	0.000000000000	-11823.565399999999	0.000000000000	-5106.502440000000
0.000000000000	0.000000000000	5000.000000000000	3456.672120000000	5106.502440000000	0.000000000000
0.000000000000	-11823.565399999999	3456.672120000000	31282.099600000001	3386.538330000000	12175.957000000000
11823.565399999999	0.000000000000	5106.502440000000	3386.538330000000	33653.671900000001	-7896.699220000000
-3456.672120000000	-5106.502440000000	0.000000000000	12175.957000000000	-7896.699220000000	8349.742190000001
2	25	57
5000.000000000000	0.000000000000	0.000000000000	0.000000000000	10962.924800000001	-4424.645510000000
0.000000000000	5000.000000000000	0.000000000000	-10962.924800000001	0.000000000000	-4376.196290000000
0.000000000000	0.000000000000	5000.000000000000	4424.645510000000	4376.196290000000	0.000000000000
0.000000000000	-10962.924800000001	4424.645510000000	28903.966799999998	3757.101560000000	9940.848630000000
10962.924800000001	0.000000000000	4376.196290000000	3757.101560000000	28944.031299999999	-9440.078130000000
-4424.645510000000	-4376.196290000000	0.000000000000	9940.848630000000	-9440.078130000000	8223.732420000000
3	11	57
2103.000000000000	0.000000000000	0.000000000000	0.000000000000	3178.806400000000	179.852692000000
0.000000000000	2103.000000000000	0.000000000000	-3178.806400000000	0.000000000000	1140.768680000000
0.000000000000	0.000000000000	2103.000000000000	-179.852692000000	-1140.768680000000	0.000000000000
0.000000000000	-3178.806400000000	-179.852692000000	5418.574220000000	-111.541588000000	-1580.046260000000
3178.806400000000	0.000000000000	-1140.768680000000	-111.541588000000	5978.264650000000	493.238556000000
179.852692000000	1140.768680000000	0.000000000000	-1580.046260000000	493.238556000000	1182.905270000000
3	15	57
5000.000000000000	0.000000000000	0.000000000000	0.000000000000	11624.847700000000	769.156006000000
0.000000000000	5000.000000000000	0.000000000000	-11624.847700000000	0.000000000000	-4948.906250000000
0.000000000000	0.000000000000	5000.000000000000	-769.156006000000	4948.906250000000	0.000000000000
0.000000000000	-11624.847700000000	-769.156006000000	27905.162100000001	-741.605347000000	11529.586900000000
11624.847700000000	0.000000000000	4948.906250000000	-741.605347000000	32155.734400000001	1714.223020000000
769.156006000000	-4948.906250000000	0.000000000000	11529.586900000000	1714.223020000000	5721.581050000000
3	23	57
3146.000000000000	0.000000000000	0.000000000000	0.000000000000	7111.464360000000	1990.522830000000
0.000000000000	3146.000000000000	0.000000000000	-7111.464360000000	0.000000000000	-1857.571170000000
0.000000000000	0.000000000000	3146.000000000000	-1990.522830000000	1857.571170000000	0.000000000000
0.000000000000	-7111.464360000000	-1990.522830000000	17784.365200000000	-1171.311770000000	4242.478030000000
7111.464360000000	0.000000000000	1857.571170000000	-1171.311770000000	17610.798800000000	4628.987790000000
1990.522830000000	-1857.571170000000	0.000000000000	4242.478030000000	4628.987790000000	2901.946290000000
3	27	57
2351.000000000000	0.000000000000	0.000000000000	0.000000000000	4463.825680000000	-577.768005000000
0.000000000000	2351.000000000000	0.000000000000	-4463.825680000000	0.000000000000	357.272888000000
0.000000000000	0.000000000000	2351.000000000000	577.768005000000	-357.272888000000	0.000000000000
0.000000000000	-4463.825680000000	577.768005000000	9249.195309999999	-27.105691900000	-573.980957000000
4463.825680000000	0.000000000000	-357.272888000000	-27.105691900000	9393.210940000001	-988.123535000000
-577.768005000000	357.272888000000	0.000000000000	-573.980957000000	-988.123535000000	747.368103000000
3	28	57
2416.000000000000	0.000000000000	0.000000000000	0.000000000000	3882.295170000000	-323.659485000000
0.000000000000	2416.000000000000	0.000000000000	-3882.295170000000	0.000000000000	326.000275000000
0.000000000000	0.000000000000	2416.000000000000	323.659485000000	-326.000275000000	0.000000000000
0.000000000000	-3882.295170000000	323.659485000000	6884.560550000000	76.758903500000	-274.959015000000
3882.295170000000	0.000000000000	-326.000275000000	76.758903500000	7173.464840000000	-460.313721000000
-323.659485000000	326.000275000000	0.000000000000	-274.959015000000	-460.313721000000	1017.425350000000
4	11	57
3174.000000000000	0.000000000000	0.000000000000	0.000000000000	4981.021480000000	-3333.292970000000
0.000000000000	3174.000000000000	0.000000000000	-4981.021480000000	0.000000000000	663.648682000000
0.000000000000	0.000000000000	3174.000000000000	3333.292970000000	-663.648682000000	0.000000000000
0.000000000000	-4981.021480000000	3333.292970000000	12566.868200000001	-782.553894000000	-381.039398000000
4981.021480000000	0.000000000000	-663.648682000000	-782.553894000000	9573.705080000000	-4971.992680000000
-3333.292970000000	663.648682000000	0.000000000000	-381.039398000000	-4971.992680000000	4748.003910000000
4	12	57
5000.000000000000	0.000000000000	0.000000000000	0.000000000000	12230.690399999999	-4711.121580000000
0.000000000000	5000.000000000000	0.000000000000	-12230.690399999999	0.000000000000	-3285.724120000000
0.000000000000	0.000000000000	5000.000000000000	4711.121580000000	3285.724120000000	0.000000000000
0.000000000000	-12230.690399999999	4711.121580000000	35364.335899999998	2978.092040000000	8400.979490000000
12230.690399999999	0.000000000000	3285.724120000000	2978.092040000000	33801.312500000000	-11328.490200000000
-4711.121580000000	-3285.724120000000	0.000000000000	8400.979490000000	-11328.490200000000	8030.463380000000
4	16	57
5000.000000000000	0.000000000000	0.000000000000	0.000000000000	11588.697300000000	-4938.432620000000
0.000000000000	5000.000000000000	0.000000000000	-11588.697300000000	0.000000000000	-3854.332760000000
0.000000000000	0.000000000000	5000.000000000000	4938.432620000000	3854.332760000000	0.000000000000
0.000000000000	-11588.697300000000	4938.432620000000	32788.304700000001	3709.085450000000	9419.119140000001
11588.697300000000	0.000000000000	3854.332760000000	3709.085450000000	31179.423800000000	-11241.763700000000
-4938.432620000000	-3854.332760000000	0.000000000000	9419.119140000001	-11241.763700000000	8859.261720000000
4	28	57
4637.000000000000	0.000000000000	0.000000000000	0.000000000000	9347.703130000000	-2315.205810000000
0.000000000000	4637.000000000000	0.000000000000	-9347.703130000000	0.000000000000	206.248505000000
0.000000000000	0.000000000000	4637.000000000000	2315.205810000000	-206.248505000000	0.000000000000
0.000000000000	-9347.703130000000	2315.205810000000	23459.705099999999	-235.022736000000	157.285278000000
9347.703130000000	0.000000000000	-206.248505000000	-235.022736000000	21213.648399999998	-3290.858400000000
-2315.205810000000	206.248505000000	0.000000000000	157.285278000000	-3290.858400000000	3905.087890000000
5	7	57
2268.000000000000	0.000000000000	0.000000000000	0.000000000000	3843.085690000000	-1189.395140000000
0.000000000000	2268.000000000000	0.000000000000	-3843.085690000000	0.000000000000	2656.347900000000
0.000000000000	0.000000000000	2268.000000000000	1189.395140000000	-2656.347900000000	0.000000000000
0.000000000000	-3843.085690000000	1189.395140000000	7231.787110000000	-1362.441650000000	-4521.556640000000
3843.085690000000	0.000000000000	-2656.347900000000	-1362.441650000000	9805.818359999999	-1971.577390000000
-1189.395140000000	2656.347900000000	0.000000000000	-4521.556640000000	-1971.577390000000	3887.470210000000
5	27	57
5000.000000000000	0.000000000000	0.000000000000	0.000000000000	8873.246090000001	-2156.121830000000
0.000000000000	5000.000000000000	0.000000000000	-8873.246090000001	0.000000000000	834.260498000000
0.000000000000	0.000000000000	5000.000000000000	2156.121830000000	-834.260498000000	0.000000000000
0.000000000000	-8873.246090000001	2156.121830000000	17229.748000000000	-338.231140000000	-1474.181640000000
8873.246090000001	0.000000000000	-834.260498000000	-338.231140000000	16908.953099999999	-3868.106930000000
-2156.121830000000	834.260498000000	0.000000000000	-1474.181640000000	-3868.106930000000	2461.924560000000
5	33	57
5000.000000000000	0.000000000000	0.000000000000	0.000000000000	11038.297900000000	-710.100098000000
0.000000000000	5000.000000000000	0.000000000000	-11038.297900000000	0.000000000000	5222.439450000000
0.000000000000	0.000000000000	5000.000000000000	710.100098000000	-5222.439450000000	0.000000000000
0.000000000000	-11038.297900000000	710.100098000000	25160.527300000002	-574.237610000000	-11626.830099999999
11038.297900000000	0.000000000000	-5222.439450000000	-574.237610000000	30426.581999999999	-1388.037720000000
-710.100098000000	5222.439450000000	0.000000000000	-11626.830099999999	-1388.037720000000	6352.572270000000
5	34	57
3745.000000000000	0.000000000000	0.000000000000	0.000000000000	7572.045410000000	4757.966310000000
0.000000000000	3745.000000000000	0.000000000000	-7572.045410000000	0.000000000000	3437.210450000000
0.000000000000	0.000000000000	3745.000000000000	-4757.966310000000	-3437.210450000000	0.000000000000
0.000000000000	-7572.045410000000	-4757.966310000000	21471.158200000002	4410.159670000000	-7014.849610000000
7572.045410000000	0.000000000000	-3437.210450000000	4410.159670000000	18808.546900000001	9586.077149999999
4757.966310000000	3437.210450000000	0.000000000000	-7014.849610000000	9586.077149999999	9576.259770000001
5	35	57
3372.000000000000	0.000000000000	0.000000000000	0.000000000000	8209.856449999999	455.959442000000
0.000000000000	3372.000000000000	0.000000000000	-8209.856449999999	0.000000000000	3954.537350000000
0.000000000000	0.000000000000	3372.000000000000	-455.959442000000	-3954.537350000000	0.000000000000
0.000000000000	-8209.856449999999	-455.959442000000	20430.947300000000	618.277222000000	-9644.909180000001
8209.856449999999	0.000000000000	-3954.537350000000	618.277222000000	24939.203099999999	1051.303220000000
455.959442000000	3954.537350000000	0.000000000000	-9644.909180000001	1051.303220000000	5182.854490000000
6	7	57
5000.000000000000	0.000000000000	0.000000000000	0.000000000000	8894.197270000001	-5642.321780000000
0.000000000000	5000.000000000000	0.000000000000	-8894.197270000001	0.000000000000	5207.251460000000
0.000000000000	0.000000000000	5000.000000000000	5642.321780000000	-5207.251460000000	0.000000000000
0.000000000000	-8894.197270000001	5642.321780000000	23809.386699999999	-5782.745610000000	-9563.771479999999
8894.197270000001	0.000000000000	-5207.251460000000	-5782.745610000000	22946.900399999999	-10566.744100000000
-5642.321780000000	5207.251460000000	0.000000000000	-9563.771479999999	-10566.744100000000	12751.703100000001
6	19	57
5000.000000000000	0.000000000000	0.000000000000	0.000000000000	13923.229499999999	-2155.405520000000
0.000000000000	5000.000000000000	0.000000000000	-13923.229499999999	0.000000000000	5169.693850000000
0.000000000000	0.000000000000	5000.000000000000	2155.405520000000	-5169.693850000000	0.000000000000
0.000000000000	-13923.229499999999	2155.405520000000	43041.851600000002	-2421.427730000000	-14509.208000000001
13923.229499999999	0.000000000000	-5169.693850000000	-2421.427730000000	45576.921900000001	-5639.613280000000
-2155.405520000000	5169.693850000000	0.000000000000	-14509.208000000001	-5639.613280000000	8514.502930000001
6	22	57
5000.000000000000	0.000000000000	0.000000000000	0.000000000000	12531.703100000001	-5006.560060000000
0.000000000000	5000.000000000000	0.000000000000	-12531.703100000001	0.000000000000	-300.933685000000
0.000000000000	0.000000000000	5000.000000000000	5006.560060000000	300.933685000000	0.000000000000
0.000000000000	-12531.703100000001	5006.560060000000	37764.171900000001	-88.494590800000	784.159973000000
12531.703100000001	0.000000000000	300.933685000000	-88.494590800000	32624.839800000002	-12335.671899999999
-5006.560060000000	-300.933685000000	0.000000000000	784.159973000000	-12335.671899999999	6553.026860000000
6	33	57
5000.000000000000	0.000000000000	0.000000000000	0.000000000000	12339.726600000000	-5670.183110000000
0.000000000000	5000.000000000000	0.000000000000	-12339.726600000000	0.000000000000	627.752502000000
0.000000000000	0.000000000000	5000.000000000000	5670.183110000000	-627.752502000000	0.000000000000
0.000000000000	-12339.726600000000	5670.183110000000	38298.746099999997	-1173.985960000000	-1393.682370000000
12339.726600000000	0.000000000000	-627.752502000000	-1173.985960000000	31671.392599999999	-13586.510700000001
-5670.183110000000	627.752502000000	0.000000000000	-1393.682370000000	-13586.510700000001	7946.339360000000
6	34	57
5000.000000000000	0.000000000000	0.000000000000	0.000000000000	13378.711900000000	477.381470000000
0.000000000000	5000.000000000000	0.000000000000	-13378.711900000000	0.000000000000	-1420.746830000000
0.000000000000	0.000000000000	5000.000000000000	-477.381470000000	1420.746830000000	0.000000000000
0.000000000000	-13378.711900000000	-477.381470000000	36859.437500000000	-217.067657000000	3502.382810000000
13378.711900000000	0.000000000000	1420.746830000000	-217.067657000000	37069.273399999998	1171.966920000000
477.381470000000	-1420.746830000000	0.000000000000	3502.382810000000	1171.966920000000	1831.749150000000
6	35	57
5000.000000000000	0.000000000000	0.000000000000	0.000000000000	13662.686500000000	-5424.251950000000
0.000000000000	5000.000000000000	0.000000000000	-13662.686500000000	0.000000000000	1415.287110000000
0.000000000000	0.000000000000	5000.000000000000	5424.251950000000	-1415.287110000000	0.000000000000
0.000000000000	-13662.686500000000	5424.251950000000	44142.406300000002	-2004.773800000000	-4449.565920000000
13662.686500000000	0.000000000000	-1415.287110000000	-2004.773800000000	39949.531300000002	-14857.796899999999
-5424.251950000000	1415.287110000000	0.000000000000	-4449.565920000000	-14857.796899999999	8740.896479999999
6	36	57
3959.000000000000	0.000000000000	0.000000000000	0.000000000000	11364.344700000000	-3675.235350000000
0.000000000000	3959.000000000000	0.000000000000	-11364.344700000000	0.000000000000	5025.304200000000
0.000000000000	0.000000000000	3959.000000000000	3675.235350000000	-5025.304200000000	0.000000000000
0.000000000000	-11364.344700000000	3675.235350000000	37451.886700000003	-4812.097660000000	-14385.165999999999
11364.344700000000	0.000000000000	-5025.304200000000	-4812.097660000000	39671.855499999998	-10092.739299999999
-3675.235350000000	5025.304200000000	0.000000000000	-14385.165999999999	-10092.739299999999	10785.748000000000
6	37	57
3969.000000000000	0.000000000000	0.000000000000	0.000000000000	12492.530300000000	-1623.333130000000
0.000000000000	3969.000000000000	0.000000000000	-12492.530300000000	0.000000000000	4899.324220000000
0.000000000000	0.000000000000	3969.000000000000	1623.333130000000	-4899.324220000000	0.000000000000
0.000000000000	-12492.530300000000	1623.333130000000	41123.417999999998	-2170.481450000000	-15522.011699999999
12492.530300000000	0.000000000000	-4899.324220000000	-2170.481450000000	45754.359400000001	-4985.241210000000
-1623.333130000000	4899.324220000000	0.000000000000	-15522.011699999999	-4985.241210000000	7809.239750000000
7	8	57
5000.000000000000	0.000000000000	0.000000000000	0.000000000000	9604.137699999999	2044.053590000000
0.000000000000	5000.000000000000	0.000000000000	-9604.137699999999	0.000000000000	4261.475100000000
0.000000000000	0.000000000000	5000.000000000000	-2044.053590000000	-4261.475100000000	0.000000000000
0.000000000000	-9604.137699999999	-2044.053590000000	21063.720700000002	1666.502320000000	-8186.498540000000
9604.137699999999	0.000000000000	-4261.475100000000	1666.502320000000	23568.775399999999	4733.536620000000
2044.053590000000	4261.475100000000	0.000000000000	-8186.498540000000	4733.536620000000	6055.250490000000
7	9	57
5000.000000000000	0.000000000000	0.000000000000	0.000000000000	8452.626950000000	1231.416630000000
0.000000000000	5000.000000000000	0.000000000000	-8452.626950000000	0.000000000000	5422.532710000000
0.000000000000	0.000000000000	5000.000000000000	-1231.416630000000	-5422.532710000000	0.000000000000
0.000000000000	-8452.626950000000	-1231.416630000000	15441.478499999999	1479.012940000000	-9251.082030000000
8452.626950000000	0.000000000000	-5422.532710000000	1479.012940000000	20787.650399999999	2370.177980000000
1231.416630000000	5422.532710000000	0.000000000000	-9251.082030000000	2370.177980000000	7100.021970000000
7	10	57
4181.000000000000	0.000000000000	0.000000000000	0.000000000000	6604.296880000000	-77.999015800000
0.000000000000	4181.000000000000	0.000000000000	-6604.296880000000	0.000000000000	4292.935550000000
0.000000000000	0.000000000000	4181.000000000000	77.999015800000	-4292.935550000000	0.000000000000
0.000000000000	-6604.296880000000	77.999015800000	11200.868200000001	175.680710000000	-6953.929690000000
6604.296880000000	0.000000000000	-4292.935550000000	175.680710000000	15576.461900000000	130.987823000000
-77.999015800000	4292.935550000000	0.000000000000	-6953.929690000000	130.987823000000	5463.768070000000
7	11	57
3576.000000000000	0.000000000000	0.000000000000	0.000000000000	5854.053220000000	-1368.227780000000
0.000000000000	3576.000000000000	0.000000000000	-5854.053220000000	0.000000000000	117.921036000000
0.000000000000	0.000000000000	3576.000000000000	1368.227780000000	-117.921036000000	0.000000000000
0.000000000000	-5854.053220000000	1368.227780000000	10633.766600000001	0.869988084000	14.245040900000
5854.053220000000	0.000000000000	-117.921036000000	0.869988084000	10107.317400000000	-2232.291750000000
-1368.227780000000	117.921036000000	0.000000000000	14.245040900000	-2232.291750000000	1032.402590000000
7	13	57
2441.000000000000	0.000000000000	0.000000000000	0.000000000000	3600.948490000000	-680.193604000000
0.000000000000	2441.000000000000	0.000000000000	-3600.948490000000	0.000000000000	976.539673000000
0.000000000000	0.000000000000	2441.000000000000	680.193604000000	-976.539673000000	0.000000000000
0.000000000000	-3600.948490000000	680.193604000000	5741.896000000000	-322.660980000000	-1370.106450000000
3600.948490000000	0.000000000000	-976.539673000000	-322.660980000000	6101.355960000000	-959.497375000000
-680.193604000000	976.539673000000	0.000000000000	-1370.106450000000	-959.497375000000	1022.560240000000
7	18	57
3037.000000000000	0.000000000000	0.000000000000	0.000000000000	8155.215330000000	616.997742000000
0.000000000000	3037.000000000000	0.000000000000	-8155.215330000000	0.000000000000	-2186.799320000000
0.000000000000	0.000000000000	3037.000000000000	-616.997742000000	2186.799320000000	0.000000000000
0.000000000000	-8155.215330000000	-616.997742000000	23240.533200000002	-480.364014000000	6606.735350000000
8155.215330000000	0.000000000000	2186.799320000000	-480.364014000000	25230.773399999998	1909.614750000000
616.997742000000	-2186.799320000000	0.000000000000	6606.735350000000	1909.614750000000	2733.960690000000
7	20	57
4839.000000000000	0.000000000000	0.000000000000	0.000000000000	9719.409180000001	2958.159180000000
0.000000000000	4839.000000000000	0.000000000000	-9719.409180000001	0.000000000000	5688.622070000000
0.000000000000	0.000000000000	4839.000000000000	-2958.159180000000	-5688.622070000000	0.000000000000
0.000000000000	-9719.409180000001	-2958.159180000000	21929.308600000000	3448.976560000000	-11354.692400000000
9719.409180000001	0.000000000000	-5688.622070000000	3448.976560000000	26774.691400000000	6218.808110000000
2958.159180000000	5688.622070000000	0.000000000000	-11354.692400000000	6218.808110000000	8861.174800000001
7	21	57
5000.000000000000	0.000000000000	0.000000000000	0.000000000000	11126.445299999999	3651.812500000000
0.000000000000	5000.000000000000	0.000000000000	-11126.445299999999	0.000000000000	3700.291500000000
0.000000000000	0.000000000000	5000.000000000000	-3651.812500000000	-3700.291500000000	0.000000000000
0.000000000000	-11126.445299999999	-3651.812500000000	28135.871100000000	2753.540530000000	-8194.459960000000
11126.445299999999	0.000000000000	-3700.291500000000	2753.540530000000	29004.550800000001	8446.452149999999
3651.812500000000	3700.291500000000	0.000000000000	-8194.459960000000	8446.452149999999	6796.375000000000
7	22	57
2523.000000000000	0.000000000000	0.000000000000	0.000000000000	6425.763670000000	-7.914357660000
0.000000000000	2523.000000000000	0.000000000000	-6425.763670000000	0.000000000000	-2905.163090000000
0.000000000000	0.000000000000	2523.000000000000	7.914357660000	2905.163090000000	0.000000000000
0.000000000000	-6425.763670000000	7.914357660000	16747.636699999999	-107.266098000000	7590.812500000000
6425.763670000000	0.000000000000	2905.163090000000	-107.266098000000	20227.873000000000	121.952492000000
-7.914357660000	-2905.163090000000	0.000000000000	7590.812500000000	121.952492000000	3743.569820000000
7	29	57
5000.000000000000	0.000000000000	0.000000000000	0.000000000000	8219.069340000000	704.940613000000
0.000000000000	5000.000000000000	0.000000000000	-8219.069340000000	0.000000000000	3107.176030000000
0.000000000000	0.000000000000	5000.000000000000	-704.940613000000	-3107.176030000000	0.000000000000
0.000000000000	-8219.069340000000	-704.940613000000	14627.156300000001	550.850098000000	-4995.398440000000
8219.069340000000	0.000000000000	-3107.176030000000	550.850098000000	16261.962900000000	1511.198610000000
704.940613000000	3107.176030000000	0.000000000000	-4995.398440000000	1511.198610000000	3184.895260000000
7	30	57
4588.000000000000	0.000000000000	0.000000000000	0.000000000000	11322.488300000001	2633.968750000000
0.000000000000	4588.000000000000	0.000000000000	-11322.488300000001	0.000000000000	86.658065800000
0.000000000000	0.000000000000	4588.000000000000	-2633.968750000000	-86.658065800000	0.000000000000
0.000000000000	-11322.488300000001	-2633.968750000000	30470.099600000001	185.503632000000	55.830841100000
11322.488300000001	0.000000000000	-86.658065800000	185.503632000000	29473.642599999999	6707.820800000000
2633.968750000000	86.658065800000	0.000000000000	55.830841100000	6707.820800000000	3290.260740000000
7	31	57
5000.000000000000	0.000000000000	0.000000000000	0.000000000000	10634.877000000000	2712.510250000000
0.000000000000	5000.000000000000	0.000000000000	-10634.877000000000	0.000000000000	3920.678710000000
0.000000000000	0.000000000000	5000.000000000000	-2712.510250000000	-3920.678710000000	0.000000000000
0.000000000000	-10634.877000000000	-2712.510250000000	25296.439500000000	2688.332030000000	-8279.276370000000
10634.877000000000	0.000000000000	-3920.678710000000	2688.332030000000	27557.293000000001	6153.183590000000
2712.510250000000	3920.678710000000	0.000000000000	-8279.276370000000	6153.183590000000	6522.948240000000
7	32	57
5000.000000000000	0.000000000000	0.000000000000	0.000000000000	8461.454100000001	-2478.816160000000
0.000000000000	5000.000000000000	0.000000000000	-8461.454100000001	0.000000000000	-516.364441000000
0.000000000000	0.000000000000	5000.000000000000	2478.816160000000	516.364441000000	0.000000000000
0.000000000000	-8461.454100000001	2478.816160000000	16302.334999999999	327.057587000000	1405.246950000000
8461.454100000001	0.000000000000	516.364441000000	327.057587000000	15770.156300000001	-4154.109380000000
-2478.816160000000	-516.364441000000	0.000000000000	1405.246950000000	-4154.109380000000	2416.800780000000
7	36	57
4171.000000000000	0.000000000000	0.000000000000	0.000000000000	13067.842800000000	1458.196780000000
0.000000000000	4171.000000000000	0.000000000000	-13067.842800000000	0.000000000000	-4391.514650000000
0.000000000000	0.000000000000	4171.000000000000	-1458.196780000000	4391.514650000000	0.000000000000
0.000000000000	-13067.842800000000	-1458.196780000000	41713.886700000003	-1589.345830000000	13878.428700000000
13067.842800000000	0.000000000000	4391.514650000000	-1589.345830000000	45962.777300000002	4681.645510000000
1458.196780000000	-4391.514650000000	0.000000000000	13878.428700000000	4681.645510000000	5450.857420000000
7	37	57
3313.000000000000	0.000000000000	0.000000000000	0.000000000000	10760.967800000000	1425.131230000000
0.000000000000	3313.000000000000	0.000000000000	-10760.967800000000	0.000000000000	-3592.737060000000
0.000000000000	0.000000000000	3313.000000000000	-1425.131230000000	3592.737060000000	0.000000000000
0.000000000000	-10760.967800000000	-1425.131230000000	35679.296900000001	-1549.981450000000	11709.440399999999
10760.967800000000	0.000000000000	3592.737060000000	-1549.981450000000	39095.117200000001	4674.207030000000
1425.131230000000	-3592.737060000000	0.000000000000	11709.440399999999	4674.207030000000	4725.952640000000
8	10	57
5000.000000000000	0.000000000000	0.000000000000	0.000000000000	13643.317400000000	-750.701233000000
0.000000000000	5000.000000000000	0.000000000000	-13643.317400000000	0.000000000000	2081.319340000000
0.000000000000	0.000000000000	5000.000000000000	750.701233000000	-2081.319340000000	0.000000000000
0.000000000000	-13643.317400000000	750.701233000000	38982.246099999997	217.391281000000	-5472.139650000000
13643.317400000000	0.000000000000	-2081.319340000000	217.391281000000	39822.421900000001	-1828.122560000000
-750.701233000000	2081.319340000000	0.000000000000	-5472.139650000000	-1828.122560000000	3499.118900000000
8	19	57
5000.000000000000	0.000000000000	0.000000000000	0.000000000000	13712.491200000000	-2510.676760000000
0.000000000000	5000.000000000000	0.000000000000	-13712.491200000000	0.000000000000	-4015.264650000000
0.000000000000	0.000000000000	5000.000000000000	2510.676760000000	4015.264650000000	0.000000000000
0.000000000000	-13712.491200000000	2510.676760000000	40257.238299999997	1601.470460000000	11161.262699999999
13712.491200000000	0.000000000000	4015.264650000000	1601.470460000000	42496.871099999997	-6642.426760000000
-2510.676760000000	-4015.264650000000	0.000000000000	11161.262699999999	-6642.426760000000	6037.776370000000
8	20	57
5000.000000000000	0.000000000000	0.000000000000	0.000000000000	15030.283200000000	-2133.614750000000
0.000000000000	5000.000000000000	0.000000000000	-15030.283200000000	0.000000000000	-124.244270000000
0.000000000000	0.000000000000	5000.000000000000	2133.614750000000	124.244270000000	0.000000000000
0.000000000000	-15030.283200000000	2133.614750000000	46682.878900000003	265.817444000000	523.854980000000
15030.283200000000	0.000000000000	124.244270000000	265.817444000000	46758.332000000002	-6315.477540000000
-2133.614750000000	-124.244270000000	0.000000000000	523.854980000000	-6315.477540000000	2441.420900000000
8	21	57
5000.000000000000	0.000000000000	0.000000000000	0.000000000000	14287.293000000000	-2094.071530000000
0.000000000000	5000.000000000000	0.000000000000	-14287.293000000000	0.000000000000	-4006.544920000000
0.000000000000	0.000000000000	5000.000000000000	2094.071530000000	4006.544920000000	0.000000000000
0.000000000000	-14287.293000000000	2094.071530000000	43306.628900000003	1514.276490000000	11415.533200000000
14287.293000000000	0.000000000000	4006.544920000000	1514.276490000000	45984.972699999998	-5643.951660000000
-2094.071530000000	-4006.544920000000	0.000000000000	11415.533200000000	-5643.951660000000	5838.313480000000
8	26	57
5000.000000000000	0.000000000000	0.000000000000	0.000000000000	12243.336900000000	-2937.866460000000
0.000000000000	5000.000000000000	0.000000000000	-12243.336900000000	0.000000000000	3442.402830000000
0.000000000000	0.000000000000	5000.000000000000	2937.866460000000	-3442.402830000000	0.000000000000
0.000000000000	-12243.336900000000	2937.866460000000	33095.781300000002	-1694.433350000000	-8703.738280000000
12243.336900000000	0.000000000000	-3442.402830000000	-1694.433350000000	33373.039100000002	-6897.985350000000
-2937.866460000000	3442.402830000000	0.000000000000	-8703.738280000000	-6897.985350000000	5509.408200000000
8	31	57
5000.000000000000	0.000000000000	0.000000000000	0.000000000000	15452.536099999999	160.589035000000
0.000000000000	5000.000000000000	0.000000000000	-15452.536099999999	0.000000000000	-3324.191650000000
0.000000000000	0.000000000000	5000.000000000000	-160.589035000000	3324.191650000000	0.000000000000
0.000000000000	-15452.536099999999	-160.589035000000	50777.289100000002	611.602356000000	9835.954100000001
15452.536099999999	0.000000000000	3324.191650000000	611.602356000000	51956.207000000002	989.812134000000
160.589035000000	-3324.191650000000	0.000000000000	9835.954100000001	989.812134000000	6018.089360000000
9	14	57
5000.000000000000	0.000000000000	0.000000000000	0.000000000000	9538.843750000000	525.842590000000
0.000000000000	5000.000000000000	0.000000000000	-9538.843750000000	0.000000000000	1885.933230000000
0.000000000000	0.000000000000	5000.000000000000	-525.842590000000	-1885.933230000000	0.000000000000
0.000000000000	-9538.843750000000	-525.842590000000	19818.888700000000	-88.169921900000	-3103.811040000000
9538.843750000000	0.000000000000	-1885.933230000000	-88.169921900000	20269.144499999999	1590.886230000000
525.842590000000	1885.933230000000	0.000000000000	-3103.811040000000	1590.886230000000	1880.059200000000
9	19	57
4908.000000000000	0.000000000000	0.000000000000	0.000000000000	12023.604499999999	210.576965000000
0.000000000000	4908.000000000000	0.000000000000	-12023.604499999999	0.000000000000	-6182.821290000000
0.000000000000	0.000000000000	4908.000000000000	-210.576965000000	6182.821290000000	0.000000000000
0.000000000000	-12023.604499999999	-210.576965000000	30202.195299999999	-285.823730000000	15174.940399999999
12023.604499999999	0.000000000000	6182.821290000000	-285.823730000000	37859.527300000002	837.762024000000
210.576965000000	-6182.821290000000	0.000000000000	15174.940399999999	837.762024000000	8145.994630000000
9	20	57
5000.000000000000	0.000000000000	0.000000000000	0.000000000000	13136.445299999999	1693.826660000000
0.000000000000	5000.000000000000	0.000000000000	-13136.445299999999	0.000000000000	-5338.064450000000
0.000000000000	0.000000000000	5000.000000000000	-1693.826660000000	5338.064450000000	0.000000000000
0.000000000000	-13136.445299999999	-1693.826660000000	35757.445299999999	-1636.473140000000	14070.717800000000
13136.445299999999	0.000000000000	5338.064450000000	-1636.473140000000	40842.605499999998	4618.143550000000
1693.826660000000	-5338.064450000000	0.000000000000	14070.717800000000	4618.143550000000	7161.477540000000
9	21	57
5000.000000000000	0.000000000000	0.000000000000	0.000000000000	13128.017599999999	2068.039790000000
0.000000000000	5000.000000000000	0.000000000000	-13128.017599999999	0.000000000000	-6045.282230000000
0.000000000000	0.000000000000	5000.000000000000	-2068.039790000000	6045.282230000000	0.000000000000
0.000000000000	-13128.017599999999	-2068.039790000000	36434.992200000001	-2335.716550000000	15839.647499999999
13128.017599999999	0.000000000000	6045.282230000000	-2335.716550000000	42268.527300000002	5710.838870000000
2068.039790000000	-6045.282230000000	0.000000000000	15839.647499999999	5710.838870000000	9151.206050000001
9	24	57
5000.000000000000	0.000000000000	0.000000000000	0.000000000000	9211.366210000000	1304.038450000000
0.000000000000	5000.000000000000	0.000000000000	-9211.366210000000	0.000000000000	2936.809330000000
0.000000000000	0.000000000000	5000.000000000000	-1304.038450000000	-2936.809330000000	0.000000000000
0.000000000000	-9211.366210000000	-1304.038450000000	18632.300800000001	887.676270000000	-5355.909180000000
9211.366210000000	0.000000000000	-2936.809330000000	887.676270000000	19290.453099999999	2822.404300000000
1304.038450000000	2936.809330000000	0.000000000000	-5355.909180000000	2822.404300000000	3172.848140000000
9	25	57
5000.000000000000	0.000000000000	0.000000000000	0.000000000000	9182.493160000000	309.682678000000
0.000000000000	5000.000000000000	0.000000000000	-9182.493160000000	0.000000000000	1949.244510000000
0.000000000000	0.000000000000	5000.000000000000	-309.682678000000	-1949.244510000000	0.000000000000
0.000000000000	-9182.493160000000	-309.682678000000	18330.441400000000	268.806885000000	-3477.439450000000
9182.493160000000	0.000000000000	-1949.244510000000	268.806885000000	18671.505900000000	1032.994380000000
309.682678000000	1949.244510000000	0.000000000000	-3477.439450000000	1032.994380000000	1811.003050000000
9	29	57
4057.000000000000	0.000000000000	0.000000000000	0.000000000000	7503.343260000000	-937.228210000000
0.000000000000	4057.000000000000	0.000000000000	-7503.343260000000	0.000000000000	-3203.262450000000
0.000000000000	0.000000000000	4057.000000000000	937.228210000000	3203.262450000000	0.000000000000
0.000000000000	-7503.343260000000	937.228210000000	14409.806600000000	910.605652000000	6141.116210000000
7503.343260000000	0.000000000000	3203.262450000000	910.605652000000	18264.777300000002	-1688.865110000000
-937.228210000000	-3203.262450000000	0.000000000000	6141.116210000000	-1688.865110000000	4491.694340000000
9	31	57
5000.000000000000	0.000000000000	0.000000000000	0.000000000000	13499.015600000001	2451.145260000000
0.000000000000	5000.000000000000	0.000000000000	-13499.015600000001	0.000000000000	-6399.766110000000
0.000000000000	0.000000000000	5000.000000000000	-2451.145260000000	6399.766110000000	0.000000000000
0.000000000000	-13499.015600000001	-2451.145260000000	38739.515599999999	-3203.811520000000	17321.316400000000
13499.015600000001	0.000000000000	6399.766110000000	-3203.811520000000	45016.515599999999	6818.483890000000
2451.145260000000	-6399.766110000000	0.000000000000	17321.316400000000	6818.483890000000	10280.819299999999
10	13	57
5000.000000000000	0.000000000000	0.000000000000	0.000000000000	10884.502899999999	-2108.181400000000
0.000000000000	5000.000000000000	0.000000000000	-10884.502899999999	0.000000000000	-4529.849120000000
0.000000000000	0.000000000000	5000.000000000000	2108.181400000000	4529.849120000000	0.000000000000
