0	8	57
0.792666836000	0.092949182100	-0.602528030000	-0.471528164000
-0.208446479000	0.970069178000	-0.124572460000	0.117101748000
0.572915579000	0.224339744000	0.788315357000	-0.355147449000
0.000000000000	0.000000000000	0.000000000000	1.000000000000
0	9	57
0.919718098000	0.128347258000	-0.371009298000	-0.247663823000
-0.080849680300	0.986713552000	0.140927037000	0.003222106850
0.384168345000	-0.099616430400	0.917873726000	0.052792057500
0.000000000000	0.000000000000	0.000000000000	1.000000000000
0	10	57
0.542355877000	0.288770470000	-0.788963636000	0.817803323000
-0.298743157000	0.943988800000	0.140149383000	-0.217121834000
0.785241927000	0.159687117000	0.598244347000	0.485594060000
0.000000000000	0.000000000000	0.000000000000	1.000000000000
0	15	57
0.505038106000	-0.505078316000	0.699884015000	0.209396281000
0.403502588000	0.854993878000	0.325842400000	-0.120193614000
-0.762969352000	0.117842035000	0.635603522000	0.333596215000
0.000000000000	0.000000000000	0.000000000000	1.000000000000
0	23	57
-0.364629992000	-0.368151815000	0.855287107000	-1.216701450000
0.412674017000	0.759499071000	0.502853416000	-0.451629053000
-0.834713559000	0.536307987000	-0.125005796000	1.499455550000
0.000000000000	0.000000000000	0.000000000000	1.000000000000
0	29	57
0.383896594000	-0.369612725000	0.846177791000	-2.552402960000
0.405063805000	0.890921446000	0.205386281000	0.332451684000
-0.829789039000	0.263905657000	0.491739577000	-0.509167656000
0.000000000000	0.000000000000	0.000000000000	1.000000000000
1	26	57
0.998261922000	-0.007490996040	-0.058494059000	-1.295381670000
0.003409946830	0.997576594000	-0.069511954700	0.593189269000
0.058874675200	0.069190657200	0.995866754000	-0.742347584000
0.000000000000	0.000000000000	0.000000000000	1.000000000000
2	3	57
0.714413448000	-0.337067145000	0.613186794000	-0.157506864000
0.054672938400	0.900538555000	0.431324312000	0.234776763000
-0.697584307000	-0.274620673000	0.661785922000	-0.091849736600
0.000000000000	0.000000000000	0.000000000000	1.000000000000
2	12	57
0.094311769600	-0.232220384000	0.968079766000	-0.795995943000
0.111083840000	0.968798797000	0.221568953000	0.166308223000
-0.989328760000	0.086640808900	0.117164975000	1.455802550000
0.000000000000	0.000000000000	0.000000000000	1.000000000000
2	23	57
0.826658072000	-0.196425129000	0.527306241000	-1.591478890000
0.017259186100	0.945505707000	0.325148115000	0.453864322000
-0.562440575000	-0.259685628000	0.785004406000	-0.286482655000
0.000000000000	0.000000000000	0.000000000000	1.000000000000
2	24	57
0.949752421000	0.230840258000	-0.211379857000	-1.190087160000
-0.130050995000	0.905318046000	0.404333856000	0.400461114000
0.284703525000	-0.356528383000	0.889853689000	-0.454328207000
0.000000000000	0.000000000000	0.000000000000	1.000000000000
2	25	57
0.910680888000	0.252077641000	-0.327289483000	-0.474449063000
-0.086278449700	0.890837081000	0.446055684000	0.296975039000
0.404004105000	-0.377977685000	0.833019423000	-0.579066304000
0.000000000000	0.000000000000	0.000000000000	1.000000000000
3	11	57
-0.465823405000	-0.071961200600	0.881948338000	-1.284761820000
0.623012697000	0.681113695000	0.384634843000	-0.482094686000
-0.628384130000	0.728635667000	-0.272445221000	0.859178141000
0.000000000000	0.000000000000	0.000000000000	1.000000000000
3	15	57
0.470723772000	0.517255291000	-0.714751076000	-0.613994180000
-0.426144124000	0.842649316000	0.329160696000	-0.372647022000
0.772542682000	0.149641425000	0.617079867000	0.572653701000
0.000000000000	0.000000000000	0.000000000000	1.000000000000
3	23	57
0.983869604000	0.092516724100	-0.153114461000	-0.876699620000
-0.108639551000	0.988987425000	-0.100506429000	0.734091333000
0.142125650000	0.115519199000	0.983086821000	-0.913600818000
0.000000000000	0.000000000000	0.000000000000	1.000000000000
3	27	57
0.821081940000	0.323875804000	-0.470036636000	1.319113650000
-0.290732008000	0.945920082000	0.143915338000	0.557810158000
0.491225459000	0.018487196500	0.870839292000	-0.969450226000
0.000000000000	0.000000000000	0.000000000000	1.000000000000
3	28	57
0.957285538000	0.107063808000	-0.268599526000	1.456929390000
-0.200227506000	0.915619151000	-0.348643078000	0.638285171000
0.208605174000	0.387530381000	0.897946367000	-1.233587230000
0.000000000000	0.000000000000	0.000000000000	1.000000000000
4	11	57
-0.214420948000	-0.127159265000	0.968429601000	-1.704954800000
0.035402064500	0.989828558000	0.137808395000	0.301807030000
-0.976100232000	0.063832171900	-0.207738558000	1.106571470000
0.000000000000	0.000000000000	0.000000000000	1.000000000000
4	12	57
0.908951128000	-0.099621524500	0.404828425000	-1.861457790000
-0.082593895300	0.908757855000	0.409074077000	0.281675562000
-0.408643615000	-0.405265030000	0.817784221000	0.719396949000
0.000000000000	0.000000000000	0.000000000000	1.000000000000
4	16	57
0.652144310000	0.374336916000	-0.659228665000	-0.332880629000
0.044472303300	0.849196735000	0.526202795000	0.083970517500
0.756788355000	-0.372478481000	0.537149993000	0.593787711000
0.000000000000	0.000000000000	0.000000000000	1.000000000000
4	28	57
0.845242033000	0.156622366000	-0.510920092000	1.570377240000
0.020333262700	0.945967277000	0.323626838000	-0.150252888000
0.533997844000	-0.283931417000	0.796385815000	-0.383265927000
0.000000000000	0.000000000000	0.000000000000	1.000000000000
5	7	57
-0.047864414200	-0.506089804000	0.861151387000	-0.259504952000
0.642152735000	0.644773156000	0.414619919000	-0.302899310000
-0.765081779000	0.572836061000	0.294126017000	0.517967906000
0.000000000000	0.000000000000	0.000000000000	1.000000000000
5	27	57
-0.215979874000	0.676975289000	-0.703606271000	1.112596950000
-0.393184833000	0.599300910000	0.697314236000	-0.746617044000
0.893734368000	0.427252465000	0.136738523000	0.954980745000
0.000000000000	0.000000000000	0.000000000000	1.000000000000
5	33	57
0.845245242000	0.413177904000	-0.338891241000	1.888392500000
-0.233686343000	0.856113351000	0.460938024000	-0.849229287000
0.480579497000	-0.310411220000	0.820177041000	1.043851720000
0.000000000000	0.000000000000	0.000000000000	1.000000000000
5	34	57
0.960597818000	0.130486765000	-0.245413579000	1.795928830000
-0.241322823000	0.829637835000	-0.503455616000	-0.727032741000
0.137910575000	0.542840361000	0.828437605000	0.613999520000
0.000000000000	0.000000000000	0.000000000000	1.000000000000
5	35	57
0.971520912000	0.141579995000	-0.190011916000	1.789781570000
-0.106057735000	0.976880626000	0.185632061000	-0.871214920000
0.211900019000	-0.160193907000	0.964073579000	1.004519580000
0.000000000000	0.000000000000	0.000000000000	1.000000000000
6	7	57
0.428703569000	-0.502115870000	0.751060358000	-0.584160133000
0.109545627000	0.854086381000	0.508466026000	0.109982704000
-0.896777666000	-0.135707889000	0.421155670000	0.480659116000
0.000000000000	0.000000000000	0.000000000000	1.000000000000
6	19	57
0.831272626000	-0.033299987200	0.554865169000	0.394932979000
0.023473940400	0.999417510000	0.024813993400	-0.008437932460
-0.555363816000	-0.007604823830	0.831572902000	-0.456109915000
0.000000000000	0.000000000000	0.000000000000	1.000000000000
6	22	57
0.954399655000	0.168857948000	-0.246186041000	0.554745497000
-0.012706256600	0.846889723000	0.531617104000	0.045790087300
0.298265760000	-0.504249039000	0.810413683000	-0.447919838000
0.000000000000	0.000000000000	0.000000000000	1.000000000000
6	33	57
0.492991397000	0.711386517000	-0.500887115000	0.955560576000
0.072643405300	0.540042256000	0.838497534000	-0.051813264100
0.866999870000	-0.449757491000	0.214554206000	2.151462990000
0.000000000000	0.000000000000	0.000000000000	1.000000000000
6	34	57
0.727794035000	0.118758164000	-0.675435469000	1.075959140000
-0.123844060000	0.991459690000	0.040881642900	-0.188762872000
0.674525541000	0.053893049400	0.736284517000	1.733129910000
0.000000000000	0.000000000000	0.000000000000	1.000000000000
6	35	57
0.743772877000	0.444740887000	-0.499006670000	0.878490211000
0.029744554700	0.723770105000	0.689400467000	-0.091968336100
0.667773612000	-0.527601350000	0.525087778000	2.086638320000
0.000000000000	0.000000000000	0.000000000000	1.000000000000
6	36	57
0.814512561000	-0.397453413000	0.422609398000	0.763529502000
0.086494383600	0.803510456000	0.588973597000	-0.056483326400
-0.573658357000	-0.443178570000	0.688848896000	2.106603140000
0.000000000000	0.000000000000	0.000000000000	1.000000000000
6	37	57
0.564201647000	-0.418820954000	0.711521952000	0.400443522000
0.072338916200	0.883549593000	0.462718237000	-0.052001317600
-0.822461550000	-0.209600906000	0.528799016000	2.034894270000
0.000000000000	0.000000000000	0.000000000000	1.000000000000
7	8	57
0.784368850000	0.017360482800	0.620052770000	-0.278968277000
0.329224748000	0.835541677000	-0.439864425000	0.267655440000
-0.525715895000	0.549152683000	0.649656497000	-0.407104867000
0.000000000000	0.000000000000	0.000000000000	1.000000000000
7	9	57
0.609719313000	-0.282713753000	0.740483582000	0.186747000000
0.502045150000	0.860675541000	-0.084784064200	0.324022267000
-0.613347028000	0.423449267000	0.666704793000	-0.504213770000
0.000000000000	0.000000000000	0.000000000000	1.000000000000
7	10	57
0.942095239000	0.011200211200	0.335158906000	0.909916713000
0.112405435000	0.931078142000	-0.347074877000	0.804340532000
-0.315945966000	0.364650925000	0.875904179000	-1.289965660000
0.000000000000	0.000000000000	0.000000000000	1.000000000000
7	11	57
0.728662714000	0.211665561000	-0.651344057000	1.142082750000
-0.408557512000	0.897630967000	-0.165354791000	0.765099503000
0.549666253000	0.386598739000	0.740547435000	-1.246934430000
0.000000000000	0.000000000000	0.000000000000	1.000000000000
7	13	57
0.790789356000	0.295184061000	-0.536207902000	0.891973571000
-0.339265151000	0.940531332000	0.017424517000	0.763585619000
0.509463040000	0.168135727000	0.843906541000	-1.191560870000
0.000000000000	0.000000000000	0.000000000000	1.000000000000
7	18	57
0.413933970000	0.527786384000	-0.741686521000	0.880536664000
-0.492827719000	0.814963847000	0.304883052000	-0.340104082000
0.765362089000	0.239319903000	0.597451073000	0.312526486000
0.000000000000	0.000000000000	0.000000000000	1.000000000000
7	20	57
0.991172369000	-0.073450732000	0.110361007000	1.445641340000
0.072269660400	0.997277064000	0.014687782300	-0.666374994000
-0.111141997000	-0.006584319480	0.993782840000	0.628542724000
0.000000000000	0.000000000000	0.000000000000	1.000000000000
7	21	57
0.996795868000	0.032027328900	-0.073291472900	1.473927700000
-0.055722560600	0.935424265000	-0.349108823000	-0.627661901000
0.057375896800	0.352072716000	0.934212338000	0.430363917000
0.000000000000	0.000000000000	0.000000000000	1.000000000000
7	22	57
0.140286632000	0.617362594000	-0.774068470000	1.313954870000
-0.530548889000	0.706959313000	0.467682717000	-0.500676176000
0.835966446000	0.345069326000	0.426717754000	0.431671076000
0.000000000000	0.000000000000	0.000000000000	1.000000000000
7	29	57
-0.776529843000	-0.043172165200	0.628603672000	-0.991992511000
0.530137603000	0.494413433000	0.688849508000	-0.821432769000
-0.340528237000	0.868152138000	-0.361041820000	1.237770050000
0.000000000000	0.000000000000	0.000000000000	1.000000000000
7	30	57
0.392436092000	-0.584969461000	0.709794339000	-0.964514989000
0.613827252000	0.741273518000	0.271538267000	-0.864859470000
-0.684994030000	0.329128121000	0.649967894000	1.399891060000
0.000000000000	0.000000000000	0.000000000000	1.000000000000
7	31	57
0.585611645000	0.066858655700	0.807833078000	-1.174107520000
0.505324895000	0.749130144000	-0.428316396000	-0.908405351000
-0.633807922000	0.659040255000	0.404911629000	1.302866710000
0.000000000000	0.000000000000	0.000000000000	1.000000000000
7	32	57
-0.888734443000	-0.028068208100	0.457564439000	-0.820151937000
0.448619197000	0.152078087000	0.880690553000	-1.093726520000
-0.094304426200	0.987969718000	-0.122568647000	1.649874470000
0.000000000000	0.000000000000	0.000000000000	1.000000000000
7	36	57
0.873106812000	0.315062616000	-0.372051718000	-0.898585807000
-0.257258156000	0.945976623000	0.197353595000	-1.039524190000
0.414128037000	-0.076601040900	0.906989248000	1.612327120000
0.000000000000	0.000000000000	0.000000000000	1.000000000000
7	37	57
0.987367927000	0.105202337000	-0.118494133000	-0.989445039000
-0.109898726000	0.993368028000	-0.033827452600	-0.843653228000
0.114147415000	0.046420077700	0.992377644000	1.311706300000
0.000000000000	0.000000000000	0.000000000000	1.000000000000
8	10	57
0.942053660000	0.123616645000	-0.311854933000	1.573347400000
-0.063227654400	0.978398144000	0.196828083000	-0.015762567000
0.329448338000	-0.165705732000	0.929519548000	-0.072455214900
0.000000000000	0.000000000000	0.000000000000	1.000000000000
8	19	57
0.354648799000	0.114571395000	-0.927954586000	0.593833925000
-0.033184543800	0.993381507000	0.109965352000	-0.208540111000
0.934409007000	-0.008204967480	0.356105831000	1.715419090000
0.000000000000	0.000000000000	0.000000000000	1.000000000000
8	20	57
0.859665719000	0.274177886000	-0.431048454000	0.500765044000
0.016557873600	0.828375713000	0.559926622000	-0.181752441000
0.510585421000	-0.488487984000	0.707587180000	2.153010990000
0.000000000000	0.000000000000	0.000000000000	1.000000000000
8	21	57
0.733345768000	0.147996184000	-0.663553379000	0.639883072000
0.002254689220	0.975483729000	0.220057720000	-0.257745367000
0.679850440000	-0.162875066000	0.715034012000	2.024773170000
0.000000000000	0.000000000000	0.000000000000	1.000000000000
8	26	57
0.361353970000	-0.444868742000	0.819463069000	-0.895518539000
0.222883923000	0.894578953000	0.387365796000	-0.046066746500
-0.905401316000	0.042669085100	0.422409988000	1.026827760000
0.000000000000	0.000000000000	0.000000000000	1.000000000000
8	31	57
0.958903603000	-0.047393757600	0.279757030000	-1.988266810000
0.084329448300	0.989003921000	-0.121493415000	-0.059152888000
-0.270922863000	0.140090105000	0.952353720000	1.073170320000
0.000000000000	0.000000000000	0.000000000000	1.000000000000
9	14	57
0.996196993000	-0.029193351600	0.082106141100	0.937481922000
0.034986618300	0.996931920000	-0.070030017300	0.049713636300
-0.079809939700	0.072637251700	0.994158918000	-0.292074384000
0.000000000000	0.000000000000	0.000000000000	1.000000000000
9	19	57
0.114072556000	0.205278066000	-0.972034142000	-0.231455829000
-0.349015524000	0.924335949000	0.154246220000	-0.647006159000
0.930146936000	0.321661132000	0.177087389000	1.375189310000
0.000000000000	0.000000000000	0.000000000000	1.000000000000
9	20	57
0.708787040000	0.459931065000	-0.534870225000	-0.424424234000
-0.265080559000	0.876310103000	0.402258883000	-0.728651774000
0.653720507000	-0.143331560000	0.743035828000	1.771375010000
0.000000000000	0.000000000000	0.000000000000	1.000000000000
9	21	57
0.544598211000	0.273209100000	-0.792951004000	-0.266189565000
-0.305471245000	0.945128330000	0.115843714000	-0.787248237000
0.781088078000	0.179135966000	0.598172181000	1.656911440000
0.000000000000	0.000000000000	0.000000000000	1.000000000000
9	24	57
0.121069279000	-0.360693448000	0.924795821000	-0.531620643000
0.449218754000	0.850695017000	0.272984544000	-0.545615472000
-0.885179795000	0.382384313000	0.265021818000	1.294010550000
0.000000000000	0.000000000000	0.000000000000	1.000000000000
9	25	57
0.246481832000	-0.385778253000	0.889059086000	-0.775078187000
0.471170839000	0.849347932000	0.237921309000	-0.234549445000
-0.846904488000	0.360254406000	0.391114314000	0.675647548000
0.000000000000	0.000000000000	0.000000000000	1.000000000000
9	29	57
0.001549694400	-0.310583725000	0.950547600000	-2.362207500000
0.531615690000	0.805354912000	0.262278025000	0.085024336500
-0.846986577000	0.504915503000	0.166358918000	0.385669010000
0.000000000000	0.000000000000	0.000000000000	1.000000000000
9	31	57
0.999497309000	0.012641096400	0.029165844700	-2.556837220000
0.000974191147	0.904927724000	-0.425567260000	0.089220767700
-0.031770791200	0.425379652000	0.904458111000	0.301590001000
0.000000000000	0.000000000000	0.000000000000	1.000000000000
10	13	57
0.545900593000	0.330690521000	-0.769828996000	-0.052575817300
-0.121248283000	0.940322992000	0.317948863000	-0.002263507250
0.829030671000	-0.080229764700	0.553418786000	0.094324323300
0.000000000000	0.000000000000	0.000000000000	1.000000000000
10	14	57
0.772776228000	-0.291849101000	0.563597574000	-0.364992107000
0.269224310000	0.954887393000	0.125326798000	0.063142065100
-0.574750583000	0.054885264300	0.816485025000	-0.115616121000
0.000000000000	0.000000000000	0.000000000000	1.000000000000
10	19	57
0.644036814000	0.042419994000	-0.763817858000	-0.321552593000
-0.143463214000	0.987442937000	-0.066128583200	-0.605955037000
0.751419885000	0.152169786000	0.642037568000	1.929382830000
0.000000000000	0.000000000000	0.000000000000	1.000000000000
10	20	57
0.977016849000	0.044982171200	-0.208360130000	-0.266758037000
0.037862151500	0.925316889000	0.377295149000	-0.663761834000
0.209767314000	-0.376513838000	0.902349013000	2.370428950000
0.000000000000	0.000000000000	0.000000000000	1.000000000000
10	21	57
0.914685140000	0.024083684800	-0.403449890000	-0.173144241000
-0.019795155000	0.999693192000	0.014793504800	-0.699666230000
0.403680342000	-0.005545342070	0.914882617000	2.192887460000
0.000000000000	0.000000000000	0.000000000000	1.000000000000
10	23	57
-0.976492700000	-0.005431501530	0.215485456000	-0.237239044000
0.150971296000	0.696285069000	0.701707091000	-0.646978860000
-0.153848042000	0.717742300000	-0.679099762000	2.178818280000
0.000000000000	0.000000000000	0.000000000000	1.000000000000
10	24	57
-0.459063074000	-0.372964609000	0.806325539000	-0.638595585000
0.305601861000	0.785925182000	0.537519071000	-0.598596573000
-0.834185849000	0.493169106000	-0.246814522000	2.009374470000
0.000000000000	0.000000000000	0.000000000000	1.000000000000
10	25	57
-0.344030095000	-0.403807169000	0.847694326000	-1.228957970000
0.364544766000	0.774538656000	0.516908649000	-0.469936990000
-0.865304401000	0.486854121000	-0.119261869000	1.593051090000
0.000000000000	0.000000000000	0.000000000000	1.000000000000
10	29	57
-0.564385929000	-0.259386633000	0.783704528000	-2.773152820000
0.360726915000	0.776425126000	0.516757636000	-0.613279924000
-0.742527680000	0.574350310000	-0.344637796000	2.140876140000
0.000000000000	0.000000000000	0.000000000000	1.000000000000
11	17	57
-0.254236424000	0.546853050000	-0.797690130000	0.945044353000
-0.175014968000	0.785160578000	0.594043760000	-0.510174810000
0.951174139000	0.290636490000	-0.103911706000	1.696380100000
0.000000000000	0.000000000000	0.000000000000	1.000000000000
11	18	57
0.923658638000	0.183165408000	-0.336602729000	1.118140140000
-0.058872980400	0.935769807000	0.347655743000	-0.444537781000
0.378663557000	-0.301300576000	0.875118772000	1.507958450000
0.000000000000	0.000000000000	0.000000000000	1.000000000000
11	27	57
-0.872284972000	0.426832319000	-0.238605937000	0.584006144000
0.100816565000	0.634439684000	0.766369002000	-0.811487567000
0.478492953000	0.644436080000	-0.596447672000	3.194658310000
0.000000000000	0.000000000000	0.000000000000	1.000000000000
11	28	57
-0.701752747000	0.277050090000	-0.656342450000	0.735924346000
-0.053267787200	0.898300570000	0.436137902000	-0.959051583000
0.710426499000	0.341021123000	-0.615630384000	3.419120330000
0.000000000000	0.000000000000	0.000000000000	1.000000000000
11	32	57
-0.882709144000	0.460467848000	-0.093773230500	0.921903164000
0.178120930000	0.512515974000	0.839998910000	-0.963971805000
0.434853541000	0.724772009000	-0.534425166000	3.730672730000
0.000000000000	0.000000000000	0.000000000000	1.000000000000
12	15	57
-0.209529779000	0.599264607000	-0.772644387000	0.689064229000
-0.219501581000	0.741190157000	0.634392925000	-0.264405970000
0.952847030000	0.302521187000	-0.023761867400	0.568348634000
0.000000000000	0.000000000000	0.000000000000	1.000000000000
12	23	57
0.636316382000	0.343417192000	-0.690773307000	1.680601930000
-0.223975286000	0.939115347000	0.260565149000	0.312355426000
0.738197766000	-0.011085537900	0.674492801000	-0.910511945000
0.000000000000	0.000000000000	0.000000000000	1.000000000000
12	27	57
0.258466891000	0.558708283000	-0.788062630000	3.328033000000
-0.248353305000	0.826790984000	0.504712511000	-0.250323956000
0.933551154000	0.065267045900	0.352456125000	0.440464792000
0.000000000000	0.000000000000	0.000000000000	1.000000000000
12	28	57
0.548387622000	0.180257080000	-0.816566069000	3.605628490000
-0.282135774000	0.959114812000	0.022249473200	-0.287531022000
0.787191981000	0.218181246000	0.576824823000	0.310874081000
0.000000000000	0.000000000000	0.000000000000	1.000000000000
12	29	57
-0.076847131000	0.438933152000	-0.895228786000	3.610033370000
-0.257305113000	0.858734931000	0.443130551000	-0.364833000000
0.963271956000	0.264400765000	0.046948022300	0.590199978000
0.000000000000	0.000000000000	0.000000000000	1.000000000000
13	25	57
-0.949369688000	0.089267404900	0.301211858000	0.657005328000
0.298444012000	0.555722006000	0.775953379000	-0.949021949000
-0.098124097100	0.826560575000	-0.554229796000	1.586338250000
0.000000000000	0.000000000000	0.000000000000	1.000000000000
13	26	57
-0.789494786000	-0.056712188100	0.611131563000	0.422454231000
0.470446490000	0.583576459000	0.661906129000	-1.251055500000
-0.394181703000	0.810075438000	-0.434052109000	2.242137240000
0.000000000000	0.000000000000	0.000000000000	1.000000000000
14	15	57
0.223397721000	-0.492890350000	0.840923726000	-0.431629159000
0.472914321000	0.809190799000	0.348657316000	-0.102354991000
-0.852319533000	0.319796506000	0.413865513000	0.337810646000
0.000000000000	0.000000000000	0.000000000000	1.000000000000
14	29	57
0.087741114900	-0.321522330000	0.942829823000	-3.339988760000
0.468416623000	0.848624818000	0.245807128000	0.180759370000
-0.879143610000	0.420066695000	0.225065984000	0.400387928000
0.000000000000	0.000000000000	0.000000000000	1.000000000000
15	24	57
0.994337307000	0.090754754600	0.055269272100	-1.409712830000
-0.082818871100	0.987783408000	-0.131993929000	0.682749598000
-0.066572044300	0.126668583000	0.989710205000	-0.627702169000
0.000000000000	0.000000000000	0.000000000000	1.000000000000
15	25	57
0.991771167000	0.104933888000	-0.073347449400	-0.762093304000
-0.111304970000	0.989794045000	-0.088976907100	0.782992847000
0.063263007400	0.096407974000	0.993330561000	-0.957772944000
0.000000000000	0.000000000000	0.000000000000	1.000000000000
17	18	57
0.135648263000	-0.496930620000	0.857123921000	-0.234717160000
0.568936907000	0.747329525000	0.343235622000	0.091432068800
-0.811117576000	0.441088429000	0.384096585000	-0.079507346500
0.000000000000	0.000000000000	0.000000000000	1.000000000000
17	22	57
0.409045412000	-0.497048248000	0.765262501000	-0.506571993000
0.507725889000	0.820800797000	0.261730712000	0.282165906000
-0.758220387000	0.281483118000	0.588107823000	-0.422358541000
0.000000000000	0.000000000000	0.000000000000	1.000000000000
17	27	57
0.659255477000	0.393417613000	-0.640788549000	1.569648790000
-0.258788968000	0.918852422000	0.297893141000	0.001438860500
0.705986773000	-0.030558428200	0.707569867000	-0.046680835800
0.000000000000	0.000000000000	0.000000000000	1.000000000000
17	29	57
0.372880293000	0.363721870000	-0.853623374000	1.902806590000
-0.340782463000	0.909357615000	0.238613251000	-0.061897585800
0.863038997000	0.201925766000	0.463030069000	-0.039476504000
0.000000000000	0.000000000000	0.000000000000	1.000000000000
17	32	57
0.606867627000	0.482618049000	-0.631502806000	2.020272360000
-0.216476049000	0.864864598000	0.452933418000	0.222280204000
0.764758993000	-0.138165294000	0.629332429000	-0.462499170000
0.000000000000	0.000000000000	0.000000000000	1.000000000000
18	19	57
0.821381365000	-0.019849150700	0.570034043000	0.189074447000
0.286198442000	0.878822894000	-0.381790737000	0.083393891100
-0.493379565000	0.476738092000	0.727528005000	-0.329022291000
0.000000000000	0.000000000000	0.000000000000	1.000000000000
18	27	57
-0.630444409000	0.600921098000	-0.491362104000	0.166934286000
-0.209601214000	0.477704785000	0.853152688000	-0.949418922000
0.747402902000	0.640852310000	-0.175212050000	1.528281080000
0.000000000000	0.000000000000	0.000000000000	1.000000000000
18	28	57
-0.376034330000	0.332146783000	-0.865031439000	0.400938244000
-0.392435014000	0.788602567000	0.473395760000	-1.127309460000
0.839401604000	0.517479069000	-0.166194684000	1.622273740000
0.000000000000	0.000000000000	0.000000000000	1.000000000000
18	32	57
-0.661148576000	0.669587186000	-0.338434877000	0.690982673000
-0.126022658000	0.345567518000	0.929894692000	-1.191719240000
0.739597565000	0.657446114000	-0.144088334000	1.830607100000
0.000000000000	0.000000000000	0.000000000000	1.000000000000
18	33	57
0.509463700000	0.710445844000	-0.485504143000	0.795919851000
-0.356830992000	0.687844630000	0.632095971000	-1.216125840000
0.783020076000	-0.148789376000	0.603939523000	1.920108980000
0.000000000000	0.000000000000	0.000000000000	1.000000000000
18	35	57
0.756011614000	0.444962628000	-0.480058830000	0.717156271000
-0.298944203000	0.887167680000	0.351525102000	-1.219719770000
0.582304639000	-0.122248459000	0.803726439000	1.845692270000
0.000000000000	0.000000000000	0.000000000000	1.000000000000
18	36	57
0.805152432000	-0.394414542000	0.442907441000	0.603066335000
0.350268037000	0.918891031000	0.181535071000	-1.197928540000
-0.478585168000	0.008971420550	0.877996126000	1.882873290000
0.000000000000	0.000000000000	0.000000000000	1.000000000000
19	20	57
0.781428512000	-0.386701387000	0.489724064000	0.374994814000
0.110750440000	0.858313342000	0.501029342000	0.012356899300
-0.614086306000	-0.337282574000	0.713539376000	0.245137092000
0.000000000000	0.000000000000	0.000000000000	1.000000000000
19	30	57
-0.136956195000	-0.607553126000	0.782384269000	-1.316189580000
0.246122636000	0.744187818000	0.620973293000	-0.036268442100
-0.959515441000	0.277608196000	0.047609024100	2.137425300000
0.000000000000	0.000000000000	0.000000000000	1.000000000000
19	35	57
0.248119229000	0.679703862000	-0.690248271000	-1.012151760000
-0.000117896008	0.712547641000	0.701623023000	-0.118915329000
0.968729447000	-0.174007138000	0.176875152000	2.380707020000
0.000000000000	0.000000000000	0.000000000000	1.000000000000
19	36	57
0.997707146000	-0.065406857800	-0.017435024900	-1.117970870000
0.063680811200	0.819645541000	0.569319095000	-0.079774527300
-0.022948832800	-0.569126185000	0.821931167000	2.334402450000
0.000000000000	0.000000000000	0.000000000000	1.000000000000
19	37	57
0.927474560000	-0.211012115000	0.308654460000	-1.379865830000
0.059760722000	0.898573718000	0.434733194000	-0.062658832300
-0.369085223000	-0.384759898000	0.846011941000	2.073420290000
0.000000000000	0.000000000000	0.000000000000	1.000000000000
22	27	57
-0.397020501000	0.650619884000	-0.647356439000	0.421890553000
-0.341370248000	0.550044018000	0.762180119000	-1.156649780000
0.851965707000	0.523588898000	0.003724114310	1.736316150000
0.000000000000	0.000000000000	0.000000000000	1.000000000000
22	33	57
0.728178944000	0.537939910000	-0.424706702000	1.159070100000
-0.292414653000	0.804269145000	0.517344732000	-1.325708690000
0.619879978000	-0.252531032000	0.742954209000	1.956019010000
0.000000000000	0.000000000000	0.000000000000	1.000000000000
22	35	57
0.908648231000	0.257901558000	-0.328397796000	1.066689830000
-0.185938781000	0.954092603000	0.234808129000	-1.340042020000
0.373877578000	-0.152297869000	0.914889993000	1.901110810000
0.000000000000	0.000000000000	0.000000000000	1.000000000000
23	24	57
0.622749701000	0.406977346000	-0.668246352000	0.425295091000
-0.383451615000	0.903225567000	0.192738791000	-0.085749256600
0.682017001000	0.136211832000	0.718539050000	0.062534444300
0.000000000000	0.000000000000	0.000000000000	1.000000000000
23	25	57
0.524107378000	0.436347355000	-0.731378365000	1.085255340000
-0.365370349000	0.890932247000	0.269713475000	-0.291772141000
0.769297505000	0.125864353000	0.626370075000	0.308328151000
0.000000000000	0.000000000000	0.000000000000	1.000000000000
23	26	57
0.175004111000	0.518979208000	-0.836681912000	1.764049840000
-0.366186760000	0.823143419000	0.433987545000	-0.182239994000
0.913937879000	0.230431969000	0.334094428000	-0.013463827700
0.000000000000	0.000000000000	0.000000000000	1.000000000000
23	29	57
0.719817459000	0.282145282000	-0.634241381000	2.487225240000
-0.278709485000	0.954261210000	0.108193627000	0.010005721300
0.635758707000	0.098889486900	0.765527781000	-0.497027210000
0.000000000000	0.000000000000	0.000000000000	1.000000000000
25	27	57
0.830374097000	-0.336311944000	0.444266849000	-0.069855164500
0.307445355000	0.941495442000	0.138076151000	0.668088750000
-0.464711642000	0.021932684400	0.885191017000	-1.136812290000
0.000000000000	0.000000000000	0.000000000000	1.000000000000
25	29	57
0.968178604000	-0.124708203000	0.216977816000	0.004962686400
0.145798404000	0.985741067000	-0.084002662400	0.779241755000
-0.203409302000	0.112964424000	0.972556407000	-1.448427920000
0.000000000000	0.000000000000	0.000000000000	1.000000000000
25	32	57
0.860505477000	-0.401551427000	0.313506366000	-0.476302575000
0.333843936000	0.909319644000	0.248367987000	0.950110589000
-0.384810284000	-0.109059969000	0.916529774000	-1.561076520000
0.000000000000	0.000000000000	0.000000000000	1.000000000000
26	27	57
0.568975030000	-0.431680773000	0.699942213000	-0.332546366000
0.433478342000	0.880730897000	0.190811359000	0.296986415000
-0.698830671000	0.194841944000	0.688238562000	-0.372447122000
0.000000000000	0.000000000000	0.000000000000	1.000000000000
26	32	57
0.621017477000	-0.533208130000	0.574478513000	-0.894675972000
0.463000490000	0.840957384000	0.280035401000	0.521099341000
-0.632430147000	0.092076239700	0.769125013000	-0.614355209000
0.000000000000	0.000000000000	0.000000000000	1.000000000000
28	33	57
0.605724751000	-0.661978126000	0.441456992000	0.136331506000
0.293017090000	0.701412553000	0.649739472000	0.215275298000
-0.739756138000	-0.264207067000	0.618833039000	-0.433214238000
0.000000000000	0.000000000000	0.000000000000	1.000000000000
32	33	57
0.287256907000	-0.666436039000	0.688001356000	-0.000107817148
0.732614947000	0.615581597000	0.290403038000	0.120673170000
-0.617057014000	0.420621375000	0.665070872000	-0.071105811300
0.000000000000	0.000000000000	0.000000000000	1.000000000000
35	36	57
0.225311698000	-0.567651987000	0.791837824000	-0.071116835500
0.727513428000	0.638611072000	0.250797405000	-0.035978608700
-0.648041167000	0.519563629000	0.556862213000	0.092312948400
0.000000000000	0.000000000000	0.000000000000	1.000000000000
35	37	57
-0.127426457000	-0.425187404000	0.896090037000	-0.388921083000
0.737212195000	0.563802371000	0.372352164000	-0.156381527000
-0.663537393000	0.708054788000	0.241611489000	0.238931630000
0.000000000000	0.000000000000	0.000000000000	1.000000000000
36	38	57
0.960086674000	0.215941471000	-0.177775066000	0.279238315000
-0.223533511000	0.974411852000	-0.023601313100	-0.580329441000
0.168129702000	0.062398936700	0.983788137000	0.551389692000
0.000000000000	0.000000000000	0.000000000000	1.000000000000
36	39	57
0.546999245000	0.626478187000	-0.555264503000	0.671927152000
-0.575870187000	0.763013391000	0.293572562000	-0.990641175000
0.607587880000	0.159177195000	0.778137185000	0.938967777000
0.000000000000	0.000000000000	0.000000000000	1.000000000000
36	42	57
0.055829390500	-0.704125433000	0.707876913000	0.432897454000
0.822858749000	0.434000642000	0.366802387000	-0.929038933000
-0.565493212000	0.562005672000	0.603627871000	0.976490526000
0.000000000000	0.000000000000	0.000000000000	1.000000000000
36	53	57
0.985090933000	0.103330244000	-0.137538876000	2.348283090000
-0.089524636100	0.990638370000	0.103047118000	-1.094590990000
0.146898687000	-0.089193544500	0.985121486000	0.652771194000
0.000000000000	0.000000000000	0.000000000000	1.000000000000
36	55	57
0.875085547000	0.400665526000	-0.271464532000	2.274188450000
-0.359596538000	0.913688892000	0.189366207000	-0.983866724000
0.323905209000	-0.068090118300	0.943635469000	0.583058135000
0.000000000000	0.000000000000	0.000000000000	1.000000000000
36	56	57
0.012972051100	0.267400205000	-0.963498237000	2.427921670000
-0.642177834000	0.740820718000	0.196954718000	-1.027088220000
0.766443885000	0.616186115000	0.181328649000	0.426659228000
0.000000000000	0.000000000000	0.000000000000	1.000000000000
37	38	57
0.807850958000	0.377953848000	-0.452246554000	0.134824250000
-0.321918947000	0.925706508000	0.198590732000	-0.664176349000
0.493706149000	-0.014845359500	0.869503350000	0.983759447000
0.000000000000	0.000000000000	0.000000000000	1.000000000000
37	39	57
0.225168634000	0.693314385000	-0.684554183000	0.310965378000
-0.516297545000	0.680747232000	0.519635760000	-1.041489670000
0.826277993000	0.236428322000	0.511238900000	1.530921890000
0.000000000000	0.000000000000	0.000000000000	1.000000000000
37	41	57
0.906160757000	0.229765783000	-0.355075198000	-0.028564488200
-0.096359516000	0.929636844000	0.355652418000	-0.959490845000
0.411808776000	-0.288062630000	0.864541511000	1.602329470000
0.000000000000	0.000000000000	0.000000000000	1.000000000000
37	42	57
0.377033421000	-0.734564646000	0.564143296000	0.088353583000
0.676983739000	0.634245878000	0.373393786000	-0.939777797000
-0.632088616000	0.241135047000	0.736423032000	1.481559760000
0.000000000000	0.000000000000	0.000000000000	1.000000000000
37	55	57
0.656685677000	0.576364613000	-0.486380522000	1.916236660000
-0.410521966000	0.814191632000	0.410563008000	-1.337241230000
0.632641176000	-0.069938160600	0.771280186000	1.702940500000
0.000000000000	0.000000000000	0.000000000000	1.000000000000
37	56	57
-0.334054359000	0.221753582000	-0.916095339000	2.096459090000
-0.471800791000	0.802063352000	0.366194751000	-1.432470990000
0.815972044000	0.554546978000	-0.163309109000	1.611213900000
0.000000000000	0.000000000000	0.000000000000	1.000000000000
38	55	57
0.974996672000	0.168985457000	-0.144306044000	2.010851110000
-0.141216232000	0.972578270000	0.184780650000	0.039557332300
0.171572563000	-0.159779770000	0.972127483000	-0.313973790000
0.000000000000	0.000000000000	0.000000000000	1.000000000000
40	41	57
0.521327040000	-0.668282514000	0.530675746000	-0.026665414500
0.110575968000	0.669526856000	0.734510969000	0.181943465000
-0.846162038000	-0.324240606000	0.422937398000	0.670426100000
0.000000000000	0.000000000000	0.000000000000	1.000000000000
41	42	57
0.016120678700	-0.627447999000	0.778491074000	0.054313178100
0.898062778000	0.351377769000	0.264606540000	0.079979484600
-0.439572795000	0.694868247000	0.569153505000	-0.138914382000
0.000000000000	0.000000000000	0.000000000000	1.000000000000
41	53	57
0.992479938000	0.119295647000	-0.027388576100	1.918376930000
-0.120446810000	0.991691336000	-0.045171911100	-0.053996481700
0.021772398000	0.048132665800	0.998604755000	-0.694089476000
0.000000000000	0.000000000000	0.000000000000	1.000000000000
41	55	57
0.895148058000	0.415024390000	-0.162680829000	1.840136920000
-0.412992973000	0.909481177000	0.047742481500	0.066699471200
0.167769282000	0.024450755300	0.985523995000	-0.737916996000
0.000000000000	0.000000000000	0.000000000000	1.000000000000
42	53	57
-0.101739327000	0.871366370000	-0.479966565000	0.153771083000
-0.649924195000	0.307052909000	0.695210944000	-1.602454920000
0.753157523000	0.382674090000	0.535083240000	1.099727100000
0.000000000000	0.000000000000	0.000000000000	1.000000000000
42	55	57
-0.430209220000	0.812713886000	-0.392954772000	0.280167595000
-0.590199265000	0.076155470500	0.803658676000	-1.541407670000
0.683070099000	0.577664283000	0.446900303000	1.045810450000
0.000000000000	0.000000000000	0.000000000000	1.000000000000
43	45	57
0.867984216000	-0.320054305000	0.379698785000	-0.034317820100
0.408353463000	0.895101440000	-0.178996552000	-0.488557332000
-0.282581392000	0.310416364000	0.907627835000	0.270758344000
0.000000000000	0.000000000000	0.000000000000	1.000000000000
43	48	57
0.972939422000	0.056821018100	-0.223960961000	0.062670590500
-0.206875149000	0.645930690000	-0.734830979000	-0.695946448000
0.102908429000	0.761278477000	0.640205582000	0.321697033000
0.000000000000	0.000000000000	0.000000000000	1.000000000000
43	49	57
0.208559351000	0.749063504000	-0.628812919000	-0.392338195000
-0.681972038000	0.572236443000	0.455477645000	-1.062326150000
0.701010624000	0.333838276000	0.630185340000	0.790856937000
0.000000000000	0.000000000000	0.000000000000	1.000000000000
43	53	57
-0.716096646000	0.672539940000	-0.186801821000	-0.859836735000
-0.311956909000	-0.068963291700	0.947591122000	-1.033689740000
0.624408305000	0.736839548000	0.259189186000	0.894622914000
0.000000000000	0.000000000000	0.000000000000	1.000000000000
43	55	57
-0.902828933000	0.429006788000	-0.029206482000	-0.711540678000
-0.120281403000	-0.186749998000	0.975017382000	-1.056706670000
0.412834778000	0.883784123000	0.220205684000	0.904024724000
0.000000000000	0.000000000000	0.000000000000	1.000000000000
44	45	57
0.639182960000	-0.544685615000	0.542923053000	0.099246146300
0.108569499000	0.762797997000	0.637454918000	0.086984286500
-0.761354353000	-0.348503986000	0.546706012000	0.269146744000
0.000000000000	0.000000000000	0.000000000000	1.000000000000
44	47	57
-0.145789507000	-0.564274277000	0.812612394000	0.087793904200
0.057942175600	0.815108967000	0.576401729000	0.110174706000
-0.987618083000	0.131120002000	-0.086138066900	0.394458066000
0.000000000000	0.000000000000	0.000000000000	1.000000000000
44	52	57
0.303073627000	0.297274307000	-0.905413801000	0.051092125200
0.025608447500	0.947215083000	0.319570353000	0.018738135300
0.952625020000	-0.120040792000	0.279462370000	1.342701580000
0.000000000000	0.000000000000	0.000000000000	1.000000000000
45	46	57
0.389742440000	-0.449650931000	0.803687245000	-0.177881619000
0.611110744000	0.779144508000	0.139567088000	0.004704341030
-0.688944470000	0.436746143000	0.578451714000	0.020960360800
0.000000000000	0.000000000000	0.000000000000	1.000000000000
47	48	57
-0.022245699200	0.090164028700	-0.995678322000	-0.053089036500
-0.539948225000	0.837099230000	0.087866084400	-0.179457907000
0.841404013000	0.539569993000	0.030062042300	0.083167430300
0.000000000000	0.000000000000	0.000000000000	1.000000000000
47	56	57
0.488296254000	-0.088150241000	0.868214674000	-1.029053900000
0.597847847000	0.758542247000	-0.259219617000	0.292970326000
-0.635727047000	0.645635724000	0.423094320000	-0.400623496000
0.000000000000	0.000000000000	0.000000000000	1.000000000000
48	49	57
0.416139006000	0.644768817000	-0.641172280000	-0.318621165000
0.105009622000	0.666332258000	0.738222866000	0.094651429000
0.903217442000	-0.374533249000	0.209579856000	0.671491508000
0.000000000000	0.000000000000	0.000000000000	1.000000000000
49	54	57
0.133226302000	0.555758772000	-0.820599828000	0.065949265100
-0.617182605000	0.694363416000	0.370063304000	-0.429604225000
0.775459082000	0.457157999000	0.435513525000	0.322695204000
0.000000000000	0.000000000000	0.000000000000	1.000000000000
50	55	57
0.948803460000	0.236760318000	-0.209089607000	-0.052812889500
-0.165837698000	0.936755858000	0.308195931000	0.015769639200
0.268835627000	-0.257742105000	0.928060950000	0.131248403000
0.000000000000	0.000000000000	0.000000000000	1.000000000000
51	55	57
0.799687906000	0.473395006000	-0.369317642000	-0.104429208000
-0.120182829000	0.728863151000	0.674028553000	0.080056666000
0.588265387000	-0.494625950000	0.639757842000	0.226669101000
0.000000000000	0.000000000000	0.000000000000	1.000000000000
52	53	57
0.666726938000	0.496460489000	-0.555876922000	-0.156318491000
-0.023635163700	0.759553280000	0.650016977000	0.006213936150
0.744926605000	-0.420244786000	0.518150570000	0.455789046000
0.000000000000	0.000000000000	0.000000000000	1.000000000000
52	54	57
0.346394119000	0.392243448000	-0.852147432000	-0.020436192800
-0.158291248000	0.919802524000	0.359039876000	-0.108199113000
0.924638155000	0.010520204600	0.380703932000	0.446561942000
0.000000000000	0.000000000000	0.000000000000	1.000000000000
54	55	57
0.998703260000	-0.046307322900	0.021179382100	-0.187772078000
0.033526354000	0.911023633000	0.410986977000	0.107062348000
-0.038327120200	-0.409743471000	0.911394290000	0.111512235000
0.000000000000	0.000000000000	0.000000000000	1.000000000000
