0	3	66
0.610164209000	-0.190481715000	0.769036011000	-0.537519268000
0.263133400000	0.964289625000	0.030070186500	0.065183685800
-0.747302998000	0.184010965000	0.638498131000	0.016447814600
0.000000000000	0.000000000000	0.000000000000	1.000000000000
0	8	66
0.837907269000	-0.088951659600	0.538516984000	-0.566622379000
0.121060739000	0.992342472000	-0.024449265100	-0.215794884000
-0.532219347000	0.085681036000	0.842260786000	0.875767324000
0.000000000000	0.000000000000	0.000000000000	1.000000000000
0	18	66
-0.189290338000	0.370523384000	-0.909330586000	0.251895210000
-0.287026721000	0.864743347000	0.412103928000	-1.188197930000
0.939036819000	0.339010489000	-0.057338842000	3.411731520000
0.000000000000	0.000000000000	0.000000000000	1.000000000000
0	19	66
-0.376586370000	0.332644478000	-0.864598627000	0.378270786000
-0.259473776000	0.858071810000	0.443150718000	-1.114891500000
0.889303158000	0.391227532000	-0.236827153000	3.151457920000
0.000000000000	0.000000000000	0.000000000000	1.000000000000
0	21	66
-0.450797906000	0.428195561000	-0.783217458000	0.969930669000
-0.227841463000	0.793167758000	0.564772529000	-0.955760496000
0.863060312000	0.433050199000	-0.259999352000	2.610921780000
0.000000000000	0.000000000000	0.000000000000	1.000000000000
0	22	66
-0.395970345000	0.361771582000	-0.843995520000	1.200567330000
-0.227847186000	0.851666881000	0.471956218000	-0.785316045000
0.889549169000	0.379184291000	-0.254808849000	2.074021630000
0.000000000000	0.000000000000	0.000000000000	1.000000000000
0	33	66
-0.134261892000	0.539414031000	-0.831269333000	0.760471893000
-0.358706579000	0.755517701000	0.548194628000	-0.166506619000
0.923745818000	0.371784067000	0.092053375400	0.472111391000
0.000000000000	0.000000000000	0.000000000000	1.000000000000
0	39	66
0.864242590000	-0.192569714000	0.464763494000	0.988446609000
0.154398606000	0.980781048000	0.119267470000	-0.205514695000
-0.478799988000	-0.031318966700	0.877368038000	0.554905740000
0.000000000000	0.000000000000	0.000000000000	1.000000000000
0	44	66
0.754881156000	-0.196861794000	0.625620231000	0.631311461000
0.262672378000	0.964789218000	-0.013356791800	-0.030092738800
-0.600966698000	0.174415319000	0.780015730000	-0.002104051630
0.000000000000	0.000000000000	0.000000000000	1.000000000000
0	45	66
0.897883155000	-0.113691337000	0.425301840000	0.605829457000
0.239543370000	0.936711104000	-0.255314665000	-0.103107431000
-0.369360844000	0.331120835000	0.868297879000	-0.004115014820
0.000000000000	0.000000000000	0.000000000000	1.000000000000
0	50	66
0.784167183000	-0.071412833500	0.616425800000	-0.546141322000
0.135681284000	0.989048380000	-0.058021972800	-0.247397172000
-0.605534789000	0.129136105000	0.785275829000	0.906083124000
0.000000000000	0.000000000000	0.000000000000	1.000000000000
0	51	66
0.856279676000	-0.058969509900	0.513134910000	-0.625918158000
0.103371634000	0.992923655000	-0.058393923300	-0.346296617000
-0.506063049000	0.103044288000	0.856323020000	1.217699580000
0.000000000000	0.000000000000	0.000000000000	1.000000000000
0	64	66
-0.938967863000	0.253834405000	-0.232184507000	-1.797077220000
0.017950563300	0.710170621000	0.703797049000	-1.349862030000
0.343537628000	0.656677402000	-0.671387831000	4.419220570000
0.000000000000	0.000000000000	0.000000000000	1.000000000000
1	8	66
0.913206784000	-0.051543205700	0.404223169000	-0.318697974000
0.082454000300	0.994820879000	-0.059427145700	-0.208194974000
-0.399066656000	0.087600395600	0.912728297000	0.752646732000
0.000000000000	0.000000000000	0.000000000000	1.000000000000
1	19	66
-0.518087054000	0.312285179000	-0.796280191000	0.228499152000
-0.247500264000	0.836401849000	0.489054102000	-1.174442790000
0.818737979000	0.450454117000	-0.356040104000	3.128968520000
0.000000000000	0.000000000000	0.000000000000	1.000000000000
1	20	66
-0.622740121000	0.334739751000	-0.707207632000	0.493115414000
-0.219140318000	0.793067054000	0.568346449000	-1.102746820000
0.751114537000	0.508911330000	-0.420522007000	2.871941810000
0.000000000000	0.000000000000	0.000000000000	1.000000000000
1	21	66
-0.585864601000	0.397150052000	-0.706422317000	0.901682375000
-0.211867730000	0.766310270000	0.606528802000	-1.041239450000
0.782225395000	0.505014307000	-0.364812708000	2.685523850000
0.000000000000	0.000000000000	0.000000000000	1.000000000000
1	22	66
-0.535698400000	0.342535722000	-0.771812312000	1.218389260000
-0.214922357000	0.828613121000	0.516917798000	-0.878211117000
0.816601821000	0.442793190000	-0.370271139000	2.191940740000
0.000000000000	0.000000000000	0.000000000000	1.000000000000
1	33	66
-0.288884399000	0.514296645000	-0.807493129000	1.054718670000
-0.359354675000	0.723527219000	0.589380390000	-0.223681385000
0.887362427000	0.460439896000	-0.024202381500	0.552572727000
0.000000000000	0.000000000000	0.000000000000	1.000000000000
1	39	66
0.932850578000	-0.136885312000	0.333247174000	1.265482290000
0.113927984000	0.989619702000	0.087580129700	-0.275075968000
-0.341777063000	-0.043735133000	0.938765020000	0.667838729000
0.000000000000	0.000000000000	0.000000000000	1.000000000000
1	44	66
0.848546522000	-0.172771660000	0.500117885000	1.005058270000
0.228739332000	0.972080173000	-0.052285741100	-0.076687264400
-0.477124944000	0.158762386000	0.864379112000	0.066673652500
0.000000000000	0.000000000000	0.000000000000	1.000000000000
1	50	66
0.871861248000	-0.040905103400	0.488038069000	-0.304585802000
0.100455116000	0.990251576000	-0.096463341600	-0.241070923000
-0.479337537000	0.133127918000	0.867478252000	0.785162068000
0.000000000000	0.000000000000	0.000000000000	1.000000000000
1	51	66
0.926549625000	-0.024512799000	0.375369659000	-0.434995353000
0.063616912000	0.993708951000	-0.092143247200	-0.338446330000
-0.370751730000	0.109253781000	0.922286858000	1.079715110000
0.000000000000	0.000000000000	0.000000000000	1.000000000000
1	64	66
-0.977816052000	0.187327717000	-0.093721417100	-2.121317780000
0.063205132600	0.690443290000	0.720617731000	-1.308299920000
0.199699472000	0.698710152000	-0.686970786000	4.053631030000
0.000000000000	0.000000000000	0.000000000000	1.000000000000
2	4	66
0.667576569000	-0.200005252000	0.717173128000	-0.111026309000
0.207926379000	0.974999138000	0.078361833600	0.080444421500
-0.714917710000	0.096806581600	0.692474504000	-0.205363956000
0.000000000000	0.000000000000	0.000000000000	1.000000000000
2	21	66
-0.772743857000	0.257316547000	-0.580218626000	0.135745493000
-0.141697347000	0.821129859000	0.552868834000	-0.742343201000
0.618700759000	0.509443406000	-0.598062066000	2.996849950000
0.000000000000	0.000000000000	0.000000000000	1.000000000000
2	34	66
0.233133408000	0.414666626000	-0.879602035000	0.828364228000
-0.239439690000	0.901154740000	0.361364772000	-0.136264832000
0.942505768000	0.126363755000	0.309380140000	0.961111409000
0.000000000000	0.000000000000	0.000000000000	1.000000000000
2	43	66
0.547252923000	-0.310868681000	0.777094556000	0.797979571000
0.288541465000	0.941615874000	0.173484211000	-0.116997920000
-0.785660776000	0.129284338000	0.605001552000	0.559835676000
0.000000000000	0.000000000000	0.000000000000	1.000000000000
2	51	66
0.991952763000	-0.043438559000	0.118914917000	-0.725495006000
0.042605205600	0.999043617000	0.009535345130	-0.232199470000
-0.119218473000	-0.004393319770	0.992860305000	1.032861030000
0.000000000000	0.000000000000	0.000000000000	1.000000000000
3	8	66
0.940844246000	0.142813721000	-0.307272420000	-0.733863191000
-0.140802573000	0.989617685000	0.028831650100	-0.107277185000
0.308200740000	0.016140457800	0.951185002000	0.517842590000
0.000000000000	0.000000000000	0.000000000000	1.000000000000
3	35	66
0.121946684000	0.492590533000	-0.861676760000	0.457981761000
-0.274974223000	0.850938724000	0.447537543000	-0.468225527000
0.953688213000	0.182362606000	0.239219745000	1.549327650000
0.000000000000	0.000000000000	0.000000000000	1.000000000000
3	36	66
0.437310447000	0.403901395000	-0.803507539000	0.568167537000
-0.222233304000	0.914292049000	0.338640449000	-0.439516480000
0.871420864000	0.030474309100	0.489592290000	1.470591520000
0.000000000000	0.000000000000	0.000000000000	1.000000000000
3	37	66
0.469635313000	0.442361870000	-0.764043032000	0.650118764000
-0.274689647000	0.895673311000	0.349729728000	-0.457764858000
0.839040720000	0.045628888800	0.542154425000	1.557134800000
0.000000000000	0.000000000000	0.000000000000	1.000000000000
3	41	66
0.726694775000	-0.261960920000	0.635054091000	0.495597398000
0.184482792000	0.964896570000	0.186913408000	-0.385251608000
-0.661727064000	-0.018672934500	0.749512660000	1.121859660000
0.000000000000	0.000000000000	0.000000000000	1.000000000000
3	42	66
0.777264880000	-0.053015729000	0.626938598000	0.425115024000
0.212097614000	0.960194276000	-0.181758287000	-0.430152668000
-0.592349363000	0.274246498000	0.757571128000	1.026375900000
0.000000000000	0.000000000000	0.000000000000	1.000000000000
4	6	66
0.828464294000	0.097727774400	-0.551450731000	-0.176140845000
-0.076161134500	0.995171123000	0.061945320900	0.031489849100
0.554841216000	-0.009319229090	0.831905467000	0.089913057400
0.000000000000	0.000000000000	0.000000000000	1.000000000000
4	7	66
0.810934742000	0.270515731000	-0.518851865000	-0.441046548000
-0.286461994000	0.956728540000	0.051092477000	-0.021681829400
0.510222767000	0.107199040000	0.853335772000	0.216582040000
0.000000000000	0.000000000000	0.000000000000	1.000000000000
4	38	66
0.338513846000	0.418453464000	-0.842798985000	-0.070045941500
-0.196420124000	0.907368597000	0.371620160000	-0.335225258000
0.920233537000	0.039742709600	0.389347809000	1.688805630000
0.000000000000	0.000000000000	0.000000000000	1.000000000000
4	45	66
0.686284907000	-0.057700350000	-0.725045894000	0.200919303000
-0.010220785900	0.995984181000	-0.088934836900	-0.340826285000
0.727262832000	0.068444314600	0.682938458000	1.136313130000
0.000000000000	0.000000000000	0.000000000000	1.000000000000
4	49	66
0.845965153000	0.263289027000	-0.463710780000	-0.587823530000
-0.079152479200	0.921969777000	0.379083756000	0.023997237100
0.527333982000	-0.283987584000	0.800793492000	0.249656103000
0.000000000000	0.000000000000	0.000000000000	1.000000000000
5	8	66
0.912425567000	0.099580041000	-0.396943181000	-0.867585575000
-0.028982163600	0.983231861000	0.180041207000	0.010181210300
0.408216259000	-0.152769210000	0.900010906000	0.553548971000
0.000000000000	0.000000000000	0.000000000000	1.000000000000
5	34	66
-0.341171720000	0.401069489000	-0.850146146000	0.142392059000
-0.109452018000	0.881305169000	0.459692896000	-0.045554497500
0.933607162000	0.249882919000	-0.256777379000	1.482094780000
0.000000000000	0.000000000000	0.000000000000	1.000000000000
5	35	66
0.042306789000	0.437470012000	-0.898239466000	0.235071804000
-0.093117714700	0.896854876000	0.432408615000	-0.091652861200
0.994756431000	0.065347165800	0.078679835300	1.731900930000
0.000000000000	0.000000000000	0.000000000000	1.000000000000
5	36	66
0.361593662000	0.361026659000	-0.859599767000	0.350939725000
-0.037731860800	0.926892893000	0.373416896000	-0.071109802200
0.931572271000	-0.102591924000	0.348782540000	1.658982410000
0.000000000000	0.000000000000	0.000000000000	1.000000000000
5	41	66
0.777867458000	-0.298704366000	0.552902638000	0.309555856000
0.105330079000	0.929336627000	0.353884119000	-0.084142332500
-0.619539963000	-0.217038761000	0.754362609000	1.301292250000
0.000000000000	0.000000000000	0.000000000000	1.000000000000
5	42	66
0.820450674000	-0.118438335000	0.559318528000	0.250355722000
0.147742782000	0.988995822000	-0.007293750030	-0.149338558000
-0.552301584000	0.088619095800	0.828921141000	1.209936940000
0.000000000000	0.000000000000	0.000000000000	1.000000000000
5	50	66
0.945993656000	0.073103392400	-0.315837604000	-0.888005518000
-0.032462494400	0.990705107000	0.132076616000	-0.013087598700
0.322554375000	-0.114691193000	0.939576905000	0.590681366000
0.000000000000	0.000000000000	0.000000000000	1.000000000000
6	34	66
-0.011675883000	0.500927491000	-0.865410558000	0.724119006000
-0.250901551000	0.836311426000	0.487470162000	-0.336420758000
0.967941607000	0.222821769000	0.115920767000	1.165590020000
0.000000000000	0.000000000000	0.000000000000	1.000000000000
6	40	66
0.866120356000	-0.194014667000	0.460646108000	0.882564641000
0.120239365000	0.975402230000	0.184738688000	-0.372799360000
-0.485159623000	-0.104619357000	0.868144508000	1.081484490000
0.000000000000	0.000000000000	0.000000000000	1.000000000000
6	43	66
0.738850842000	-0.194998730000	0.645039805000	0.783938945000
0.193014983000	0.978347022000	0.074670535500	-0.321112758000
-0.645638095000	0.069330463100	0.760490822000	0.767464832000
0.000000000000	0.000000000000	0.000000000000	1.000000000000
6	50	66
0.996892735000	0.074676626600	0.025013145800	-0.543581766000
-0.074373945600	0.997144472000	-0.012857832500	-0.177023456000
-0.025905376900	0.010956036800	0.999604819000	0.691337247000
0.000000000000	0.000000000000	0.000000000000	1.000000000000
6	51	66
0.990149977000	0.100320477000	-0.097658751900	-0.806270375000
-0.099564958600	0.994948352000	0.012607740900	-0.211657414000
0.098427397000	-0.002762732040	0.995140957000	0.898810442000
0.000000000000	0.000000000000	0.000000000000	1.000000000000
7	34	66
0.002250103850	0.304143269000	-0.952623669000	0.865896786000
-0.248437469000	0.922928489000	0.294075434000	-0.068176751200
0.968645747000	0.236003490000	0.077639434800	0.953207675000
0.000000000000	0.000000000000	0.000000000000	1.000000000000
7	40	66
0.840290681000	-0.390668500000	0.375886509000	1.031721740000
0.300408987000	0.912693802000	0.277024720000	-0.070288313400
-0.451296211000	-0.119862176000	0.884288897000	0.875749340000
0.000000000000	0.000000000000	0.000000000000	1.000000000000
7	43	66
0.707152485000	-0.399291033000	0.583526782000	0.937217132000
0.344849126000	0.915237669000	0.208363373000	-0.040315190700
-0.617267578000	0.053883121800	0.784908228000	0.557665125000
0.000000000000	0.000000000000	0.000000000000	1.000000000000
8	9	66
0.999042447000	0.038020527400	0.021670553800	-0.535200069000
-0.033715615100	0.984398122000	-0.172692351000	-0.159712446000
-0.027899113200	0.171795134000	0.984737403000	0.351484495000
0.000000000000	0.000000000000	0.000000000000	1.000000000000
8	10	66
0.999018318000	-0.021250811800	0.038919467000	-0.983821956000
0.019842421000	0.999146838000	0.036230289500	-0.291702509000
-0.039656169600	-0.035423768200	0.998585406000	0.886494643000
0.000000000000	0.000000000000	0.000000000000	1.000000000000
8	34	66
0.072992008200	0.442409529000	-0.893838000000	1.302191120000
-0.284217844000	0.868291558000	0.406555142000	-0.096081462900
0.955978306000	0.224366583000	0.189120969000	0.424763670000
0.000000000000	0.000000000000	0.000000000000	1.000000000000
8	35	66
0.447375977000	0.399841159000	-0.799989785000	1.490065310000
-0.239312388000	0.915396828000	0.323691416000	-0.170340694000
0.861734800000	0.046632716900	0.505214717000	0.604504072000
0.000000000000	0.000000000000	0.000000000000	1.000000000000
8	36	66
0.711303212000	0.260666366000	-0.652764013000	1.565424170000
-0.143407976000	0.962974999000	0.228273004000	-0.127464197000
0.688101008000	-0.068762769500	0.722351814000	0.496582020000
0.000000000000	0.000000000000	0.000000000000	1.000000000000
8	52	66
0.990031709000	-0.083956961000	0.113084341000	-0.796886253000
0.086382846200	0.996119942000	-0.016709365700	-0.189880276000
-0.111245866000	0.026308819100	0.993447643000	0.590318716000
0.000000000000	0.000000000000	0.000000000000	1.000000000000
8	53	66
0.978924488000	-0.066333233100	0.193143829000	-1.103294160000
0.074600131000	0.996566584000	-0.035839065700	-0.283360288000
-0.190106607000	0.049489851100	0.980518060000	0.915305731000
0.000000000000	0.000000000000	0.000000000000	1.000000000000
8	55	66
0.972656198000	0.005356330870	-0.232188898000	-0.989078616000
-0.038330196000	0.989725061000	-0.137734540000	-0.435242645000
0.229066129000	0.142866807000	0.962872675000	1.230858220000
0.000000000000	0.000000000000	0.000000000000	1.000000000000
9	12	66
0.898190225000	-0.043516186700	-0.437447734000	-0.247865093000
-0.016863767600	0.990946802000	-0.133197933000	-0.167206029000
0.439284185000	0.127015288000	0.889323909000	1.123947980000
0.000000000000	0.000000000000	0.000000000000	1.000000000000
9	36	66
0.696259906000	0.229865922000	-0.679987491000	2.093475480000
0.004085599230	0.946048890000	0.323991753000	0.136536004000
0.717779332000	-0.228361702000	0.657759680000	0.182837995000
0.000000000000	0.000000000000	0.000000000000	1.000000000000
9	37	66
0.726843121000	0.273672066000	-0.629923018000	2.198306690000
-0.049186014300	0.935565603000	0.349706954000	0.145423724000
0.685040350000	-0.223199640000	0.693473352000	0.241745998000
0.000000000000	0.000000000000	0.000000000000	1.000000000000
9	38	66
0.842008121000	0.179825882000	-0.508612234000	2.115255670000
0.001461104300	0.942041616000	0.335491243000	0.155488716000
0.539464319000	-0.283231444000	0.792945349000	0.172567908000
0.000000000000	0.000000000000	0.000000000000	1.000000000000
9	39	66
0.993896468000	-0.054932606600	-0.095672660000	2.002138860000
0.082722536800	0.944856504000	0.316861805000	0.117470901000
0.072991349300	-0.322843419000	0.943635772000	0.255014702000
0.000000000000	0.000000000000	0.000000000000	1.000000000000
9	50	66
0.996907749000	-0.043788919200	0.065225517800	0.536300897000
0.035020484900	0.990899194000	0.129955722000	0.093384917100
-0.070324861900	-0.127269875000	0.989374339000	-0.320115184000
0.000000000000	0.000000000000	0.000000000000	1.000000000000
9	54	66
0.998433236000	-0.045394313800	-0.032701690200	-0.519750866000
0.044944021200	0.998883487000	-0.014352292100	-0.151373493000
0.033315194900	0.012860562700	0.999365575000	0.921994815000
0.000000000000	0.000000000000	0.000000000000	1.000000000000
9	56	66
0.737195554000	0.208433020000	-0.642725069000	-0.434243462000
-0.010918529500	0.954779078000	0.297109945000	-0.078847282300
0.675591237000	-0.212012323000	0.706140578000	0.959268766000
0.000000000000	0.000000000000	0.000000000000	1.000000000000
10	13	66
0.512851802000	0.176366574000	-0.840163948000	0.320215208000
-0.264176250000	0.963601105000	0.041020983900	-0.314279158000
0.816818595000	0.200914320000	0.540777624000	0.797399468000
0.000000000000	0.000000000000	0.000000000000	1.000000000000
10	37	66
0.708987315000	0.325344865000	-0.625687775000	2.669351930000
-0.229647418000	0.945374750000	0.231353331000	0.114516155000
0.666780626000	-0.020340730600	0.744978262000	-0.223705125000
0.000000000000	0.000000000000	0.000000000000	1.000000000000
10	39	66
0.995074803000	-0.000218836859	-0.099117150400	2.471785660000
0.012018053900	0.992884912000	0.118457368000	0.095036431600
0.098385566500	-0.119067055000	0.988001158000	-0.218485570000
0.000000000000	0.000000000000	0.000000000000	1.000000000000
10	56	66
0.721461245000	0.260945158000	-0.641401212000	0.014447461500
-0.190866889000	0.965332457000	0.178040772000	-0.111713525000
0.665627866000	-0.006029892850	0.746263561000	0.405376173000
0.000000000000	0.000000000000	0.000000000000	1.000000000000
11	13	66
0.645492754000	0.213276747000	-0.733385199000	0.256181774000
-0.220889173000	0.971315676000	0.088053106500	-0.155190081000
0.731126481000	0.105159318000	0.674087754000	0.369201589000
0.000000000000	0.000000000000	0.000000000000	1.000000000000
11	51	66
0.993655325000	0.050632891600	0.100418287000	0.455356767000
-0.050735316000	0.998708722000	-0.001541856030	0.267574779000
-0.100369750000	-0.003564001260	0.994945886000	-1.104944590000
0.000000000000	0.000000000000	0.000000000000	1.000000000000
11	56	66
0.825063810000	0.260674756000	-0.501314364000	-0.111968804000
-0.160485418000	0.958792819000	0.234428146000	0.027394700000
0.541768066000	-0.112966876000	0.832905724000	0.023749529700
0.000000000000	0.000000000000	0.000000000000	1.000000000000
12	14	66
0.689993684000	0.068105312200	-0.720603545000	0.317242972000
0.002160713180	0.995364850000	0.096142584600	-0.007714781110
0.723812160000	-0.067895008900	0.686648899000	0.353681081000
0.000000000000	0.000000000000	0.000000000000	1.000000000000
12	15	66
0.362324920000	0.317035008000	-0.876475026000	0.405417923000
0.021067658900	0.937344945000	0.347761614000	0.047033007700
0.931814619000	-0.144467383000	0.332944565000	0.600511526000
0.000000000000	0.000000000000	0.000000000000	1.000000000000
12	51	66
0.920775065000	-0.095770506800	0.378151749000	-0.058443659000
-0.009633134970	0.963514396000	0.267472543000	0.045790830000
-0.389972312000	-0.249926501000	0.886264090000	-1.349186930000
0.000000000000	0.000000000000	0.000000000000	1.000000000000
12	52	66
0.841558854000	-0.187705532000	0.506501479000	-0.410722268000
0.046494499800	0.959369859000	0.278285052000	0.054956810800
-0.538160423000	-0.210645538000	0.816099643000	-0.804855193000
0.000000000000	0.000000000000	0.000000000000	1.000000000000
12	57	66
0.711690919000	0.257076153000	-0.653763169000	-0.216837147000
0.053104490900	0.908281324000	0.414969305000	0.077277050900
0.700486293000	-0.330048598000	0.632767388000	0.169521478000
0.000000000000	0.000000000000	0.000000000000	1.000000000000
13	53	66
0.368465993000	-0.220053684000	0.903222379000	-0.942946220000
0.202394163000	0.967261521000	0.153089750000	0.079334824200
-0.907340457000	0.126396996000	0.400945915000	-0.034580137600
0.000000000000	0.000000000000	0.000000000000	1.000000000000
13	58	66
0.831244036000	0.263763231000	-0.489350990000	-0.735056964000
-0.116057867000	0.943210777000	0.311253100000	-0.110471754000
0.543664623000	-0.201933528000	0.814650348000	0.822276001000
0.000000000000	0.000000000000	0.000000000000	1.000000000000
14	18	66
0.461428176000	0.257744937000	-0.848913163000	0.660675839000
-0.056986541500	0.963501774000	0.261561166000	0.017708467700
0.885347371000	-0.072315336800	0.459273038000	0.389089307000
0.000000000000	0.000000000000	0.000000000000	1.000000000000
14	55	66
0.528685776000	-0.144021997000	0.836513089000	-0.753541000000
0.108654438000	0.988873352000	0.101583971000	0.008068378750
-0.841835177000	0.037184529500	0.538453104000	0.129680239000
0.000000000000	0.000000000000	0.000000000000	1.000000000000
14	61	66
0.132137981000	0.481034142000	-0.866689404000	-0.307514392000
-0.039345267400	0.876208164000	0.480318976000	-0.193150278000
0.990451740000	-0.029366024800	0.134705095000	2.747519800000
0.000000000000	0.000000000000	0.000000000000	1.000000000000
14	62	66
-0.254072925000	0.442537559000	-0.860006877000	-0.082398334300
-0.013063085100	0.887531175000	0.460559413000	-0.233285344000
0.967097153000	0.128249945000	-0.219718681000	2.994858170000
0.000000000000	0.000000000000	0.000000000000	1.000000000000
14	63	66
-0.521580272000	0.378057343000	-0.764873164000	-0.152422209000
-0.050282098600	0.881290278000	0.469887303000	-0.217141232000
0.851719504000	0.283543413000	-0.440657147000	3.063196490000
0.000000000000	0.000000000000	0.000000000000	1.000000000000
15	16	66
0.974311393000	0.012382417400	-0.224864909000	0.257627084000
-0.074494508200	0.959999185000	-0.269911243000	-0.043907741100
0.212528179000	0.279729746000	0.936259343000	-0.024214892100
0.000000000000	0.000000000000	0.000000000000	1.000000000000
15	17	66
0.952743659000	-0.059047501700	-0.297980756000	0.347190946000
-0.054943747700	0.931252581000	-0.360208794000	-0.000643112993
0.298764052000	0.359558484000	0.884001313000	-0.183195101000
0.000000000000	0.000000000000	0.000000000000	1.000000000000
15	19	66
0.624557529000	0.220172223000	-0.749302371000	0.321400429000
-0.260325534000	0.963258951000	0.066055809500	0.037415819600
0.736315455000	0.153807751000	0.658925731000	-0.140369912000
0.000000000000	0.000000000000	0.000000000000	1.000000000000
15	55	66
0.166319590000	-0.136414414000	0.976592601000	-0.910518259000
0.366191918000	0.928102982000	0.067276658500	-0.154204718000
-0.915555823000	0.346429539000	0.204314950000	0.367632007000
0.000000000000	0.000000000000	0.000000000000	1.000000000000
15	60	66
0.802955864000	0.308859072000	-0.509777920000	0.036047987500
-0.197565324000	0.944831794000	0.261261245000	-0.798326357000
0.562348213000	-0.109067331000	0.819676499000	2.174964540000
0.000000000000	0.000000000000	0.000000000000	1.000000000000
15	61	66
0.499981330000	0.418098190000	-0.758431088000	0.502153397000
-0.257857549000	0.907894255000	0.330505769000	-0.918260748000
0.826759563000	0.030320822500	0.561739139000	2.492035510000
0.000000000000	0.000000000000	0.000000000000	1.000000000000
15	63	66
-0.157015461000	0.441949973000	-0.883193478000	0.766157098000
-0.311419617000	0.826501074000	0.468947115000	-0.998359233000
0.937211108000	0.348673852000	0.007856898730	2.711505680000
0.000000000000	0.000000000000	0.000000000000	1.000000000000
15	64	66
-0.180347743000	0.444422937000	-0.877477241000	0.374451535000
-0.278160624000	0.832642682000	0.478886487000	-0.801173597000
0.943451749000	0.330443981000	-0.026543985400	2.244691430000
0.000000000000	0.000000000000	0.000000000000	1.000000000000
16	18	66
0.890177264000	0.136474530000	-0.434697223000	0.255644502000
-0.023449189600	0.966541731000	0.255432554000	0.036161874100
0.455014013000	-0.217187771000	0.863593274000	0.051663055700
0.000000000000	0.000000000000	0.000000000000	1.000000000000
16	19	66
0.784393880000	0.175447103000	-0.594934134000	0.031390700600
-0.036209905700	0.970478285000	0.238455934000	0.046368272900
0.619207321000	-0.165500455000	0.767589435000	-0.145042092000
0.000000000000	0.000000000000	0.000000000000	1.000000000000
16	57	66
0.796226124000	-0.267404978000	0.542701308000	-0.763869176000
0.074446916500	0.933506718000	0.350741169000	0.050945666100
-0.600405014000	-0.238867031000	0.763189165000	0.624529204000
0.000000000000	0.000000000000	0.000000000000	1.000000000000
16	58	66
0.959510910000	-0.128503851000	0.250662231000	-0.537210759000
0.017507351700	0.915359772000	0.402250476000	-0.010313031500
-0.281136427000	-0.381575522000	0.880547465000	1.272795010000
0.000000000000	0.000000000000	0.000000000000	1.000000000000
16	61	66
0.682055978000	0.346168485000	-0.644183322000	0.838153221000
-0.010083361800	0.885236173000	0.465028661000	-0.132481926000
0.731233359000	-0.310679543000	0.607271801000	2.536880810000
0.000000000000	0.000000000000	0.000000000000	1.000000000000
16	62	66
0.352936534000	0.405619473000	-0.843156091000	1.166042260000
0.007272328130	0.899928037000	0.435975996000	-0.161168811000
0.935620516000	-0.160005140000	0.314667499000	2.608505370000
0.000000000000	0.000000000000	0.000000000000	1.000000000000
16	63	66
0.069400892800	0.443129863000	-0.893769377000	1.147985430000
-0.038741615000	0.896446720000	0.441450423000	-0.144715205000
0.996837737000	0.003987629440	0.079381062600	2.704616500000
0.000000000000	0.000000000000	0.000000000000	1.000000000000
16	64	66
0.045516688500	0.441207422000	-0.896251568000	0.652441955000
-0.005356240690	0.897273856000	0.441440066000	-0.090848958800
0.998950213000	-0.015294071000	0.043204706600	2.302414600000
0.000000000000	0.000000000000	0.000000000000	1.000000000000
17	20	66
0.751420329000	0.272326882000	-0.601004441000	-0.267557872000
-0.009910525750	0.915409018000	0.402400094000	0.054047686600
0.659750021000	-0.296415197000	0.690554981000	-0.245409350000
0.000000000000	0.000000000000	0.000000000000	1.000000000000
17	57	66
0.747881937000	-0.245690751000	0.616697526000	-0.743833348000
-0.025387412400	0.917722377000	0.396406258000	0.172913815000
-0.663348877000	-0.312119770000	0.680108448000	0.854825474000
0.000000000000	0.000000000000	0.000000000000	1.000000000000
17	58	66
0.933704622000	-0.119599646000	0.337488831000	-0.468661073000
-0.058752676900	0.878608650000	0.473910059000	0.164483173000
-0.353199166000	-0.462318430000	0.813332603000	1.486951310000
0.000000000000	0.000000000000	0.000000000000	1.000000000000
17	61	66
0.737528465000	0.357516630000	-0.572922185000	0.997321012000
0.027615732900	0.831693190000	0.554545556000	0.098218861600
0.674753635000	-0.424812307000	0.603524141000	2.649262500000
0.000000000000	0.000000000000	0.000000000000	1.000000000000
17	62	66
0.426926663000	0.429448650000	-0.795809001000	1.328381640000
0.081625827300	0.858144010000	0.506877362000	0.060213746600
0.900594926000	-0.281358040000	0.331310004000	2.698443740000
0.000000000000	0.000000000000	0.000000000000	1.000000000000
17	63	66
0.147520439000	0.479825936000	-0.864875719000	1.318819840000
0.056243486500	0.868953828000	0.491683051000	0.086950729700
0.987458354000	-0.121176981000	0.101201050000	2.793458470000
0.000000000000	0.000000000000	0.000000000000	1.000000000000
17	65	66
0.227401336000	0.401253187000	-0.887293431000	0.112134397000
0.135259242000	0.889314252000	0.436834048000	0.178184396000
0.964361038000	-0.219350605000	0.147958879000	2.071075960000
0.000000000000	0.000000000000	0.000000000000	1.000000000000
18	21	66
0.961168913000	0.097933515700	-0.257996561000	-0.954618469000
-0.071470894400	0.991354336000	0.110043852000	0.195566343000
0.266543635000	-0.087331788000	0.959857226000	-0.511226072000
0.000000000000	0.000000000000	0.000000000000	1.000000000000
18	34	66
0.668059484000	-0.313323082000	0.674925968000	-3.094449980000
0.217851763000	0.949639945000	0.225218279000	0.098527831500
-0.711502264000	-0.003425115550	0.702675070000	0.123573845000
0.000000000000	0.000000000000	0.000000000000	1.000000000000
18	56	66
-0.044375572800	-0.383310176000	0.922553631000	-0.872274942000
0.344364822000	0.860994601000	0.374298931000	-0.276485878000
-0.937786597000	0.334305152000	0.093789105400	1.040856910000
0.000000000000	0.000000000000	0.000000000000	1.000000000000
18	57	66
0.433842895000	-0.368613003000	0.822135429000	-0.647230559000
0.311021684000	0.917658916000	0.247317533000	-0.249268624000
-0.845605827000	0.148404752000	0.512764957000	0.941678276000
0.000000000000	0.000000000000	0.000000000000	1.000000000000
18	58	66
0.725801122000	-0.309475390000	0.614361393000	-0.149059642000
0.208930679000	0.950070128000	0.231758584000	-0.418339098000
-0.655411450000	-0.039852405500	0.754220269000	1.387340640000
0.000000000000	0.000000000000	0.000000000000	1.000000000000
18	61	66
0.940105566000	0.146030719000	-0.308023160000	1.653293670000
-0.075476020000	0.970337983000	0.229663501000	-0.623259316000
0.332424641000	-0.192660166000	0.923243363000	1.849923700000
0.000000000000	0.000000000000	0.000000000000	1.000000000000
18	65	66
0.579139658000	0.264400237000	-0.771161248000	0.611839440000
-0.150557133000	0.964362151000	0.217572846000	-0.502400386000
0.801205092000	-0.009901879980	0.598309928000	1.691770840000
0.000000000000	0.000000000000	0.000000000000	1.000000000000
19	22	66
0.999312214000	-0.020016996500	-0.031224257800	-1.353344670000
0.020786256200	0.999481447000	0.024535901500	0.134813173000
0.030716472100	-0.025169447300	0.999210332000	-0.309739711000
0.000000000000	0.000000000000	0.000000000000	1.000000000000
19	23	66
0.996900219000	-0.011405289500	-0.077845284400	-1.700599580000
-0.009373329080	0.965173128000	-0.261438030000	0.158297242000
0.078116051500	0.261357060000	0.962075425000	-0.256598211000
0.000000000000	0.000000000000	0.000000000000	1.000000000000
19	24	66
0.987018884000	0.071909849800	-0.143600188000	-2.024995660000
-0.069103255000	0.997308309000	0.024457555000	0.055938048300
0.144972759000	-0.014218612000	0.989333398000	0.071122351600
0.000000000000	0.000000000000	0.000000000000	1.000000000000
19	33	66
0.965122013000	-0.068547495800	0.252665134000	-2.772751730000
0.008933520310	0.973174868000	0.229888493000	-0.107303977000
-0.261645357000	-0.219614890000	0.939846767000	0.724365392000
0.000000000000	0.000000000000	0.000000000000	1.000000000000
19	34	66
0.510374876000	-0.367241319000	0.777593827000	-2.720449180000
0.235799354000	0.929334320000	0.284136237000	-0.081089717400
-0.826991374000	0.038339876300	0.560904629000	0.710154652000
0.000000000000	0.000000000000	0.000000000000	1.000000000000
19	62	66
0.855918805000	0.186502631000	-0.482307219000	2.602538600000
-0.085866166800	0.971006258000	0.223097732000	-0.458051774000
0.509932026000	-0.149542128000	0.847117491000	1.389061230000
0.000000000000	0.000000000000	0.000000000000	1.000000000000
20	24	66
0.999266926000	0.030283482200	-0.023407082000	-1.628487920000
-0.031239745300	0.998645703000	-0.041602370000	-0.058199980800
0.022114825600	0.042302475800	0.998860853000	0.352512939000
0.000000000000	0.000000000000	0.000000000000	1.000000000000
20	25	66
0.999757739000	-0.013984960100	-0.016942465800	-2.160779850000
0.014145994300	0.999855579000	0.009415253230	-0.176267951000
0.016807988800	-0.009653409210	0.999813168000	0.727826574000
0.000000000000	0.000000000000	0.000000000000	1.000000000000
20	32	66
0.995504430000	0.058371021600	-0.074593370400	-2.396450320000
-0.041041330200	0.975595785000	0.215705144000	-0.177409871000
0.085362358600	-0.211673800000	0.973606541000	0.793266465000
0.000000000000	0.000000000000	0.000000000000	1.000000000000
20	33	66
0.925158501000	-0.132985940000	0.355523122000	-2.284479710000
0.069893076900	0.980287296000	0.184803088000	-0.295198900000
-0.373091174000	-0.146123761000	0.916216860000	1.077786880000
0.000000000000	0.000000000000	0.000000000000	1.000000000000
20	35	66
0.017216266600	-0.443571177000	0.896075169000	-2.312674560000
0.356067207000	0.840172263000	0.409056766000	-0.195471536000
-0.934303107000	0.312020708000	0.172405238000	0.809810732000
0.000000000000	0.000000000000	0.000000000000	1.000000000000
20	63	66
0.761768260000	0.271992561000	-0.587989114000	3.196602280000
-0.201038464000	0.962038752000	0.184565000000	-0.438634135000
0.615868228000	-0.022389488300	0.787532877000	1.158331480000
0.000000000000	0.000000000000	0.000000000000	1.000000000000
21	25	66
0.998458788000	0.020308409600	-0.051623492900	-1.791466960000
-0.022777514600	0.998601273000	-0.047692403000	-0.255476760000
0.050583079900	0.048794043500	0.997528546000	0.827812924000
0.000000000000	0.000000000000	0.000000000000	1.000000000000
21	32	66
0.989936016000	0.098831012600	-0.101285608000	-2.029187770000
-0.081640263100	0.983455566000	0.161703734000	-0.251924734000
0.115590518000	-0.151807495000	0.981629384000	0.885261951000
0.000000000000	0.000000000000	0.000000000000	1.000000000000
21	35	66
0.062008074400	-0.425453909000	0.902854161000	-1.946704350000
0.408538955000	0.836160008000	0.365965838000	-0.273909321000
-0.910633667000	0.346158625000	0.225663536000	0.903468357000
0.000000000000	0.000000000000	0.000000000000	1.000000000000
21	47	66
-0.905771102000	-0.122414160000	0.405702530000	-1.689110890000
0.276967988000	0.553574382000	0.785392163000	-0.700326278000
-0.320730305000	0.823753290000	-0.467509309000	1.996624040000
0.000000000000	0.000000000000	0.000000000000	1.000000000000
21	48	66
-0.938903840000	-0.166661420000	0.301142863000	-1.635969030000
0.200018582000	0.447820933000	0.871461204000	-0.827396787000
-0.280096979000	0.878453700000	-0.387127624000	2.341437250000
0.000000000000	0.000000000000	0.000000000000	1.000000000000
21	63	66
0.732465083000	0.305107903000	-0.608609410000	3.535551260000
-0.263482142000	0.951331852000	0.159819192000	-0.734566648000
0.627752853000	0.043293685900	0.777210039000	1.418614700000
0.000000000000	0.000000000000	0.000000000000	1.000000000000
21	64	66
0.715687144000	0.290514683000	-0.635131453000	2.897817550000
-0.239054496000	0.956349889000	0.168068482000	-0.714326897000
0.656236040000	0.031545468400	0.753898688000	1.474438780000
0.000000000000	0.000000000000	0.000000000000	1.000000000000
21	65	66
0.780967782000	0.182570356000	-0.597291567000	2.142710230000
-0.162508642000	0.982781794000	0.087917716500	-0.730914058000
0.603059407000	0.028403437800	0.797193774000	1.633617020000
0.000000000000	0.000000000000	0.000000000000	1.000000000000
22	25	66
0.993290914000	0.052733395300	-0.102902600000	-1.230566620000
-0.047472293100	0.997469235000	0.052929623300	-0.143593752000
0.105434257000	-0.047689987100	0.993283112000	0.730001979000
0.000000000000	0.000000000000	0.000000000000	1.000000000000
22	26	66
0.997845210000	-0.044843165800	-0.047883799700	-1.613383820000
0.035697209100	0.983528999000	-0.177188460000	-0.235499013000
0.055041144400	0.175097821000	0.983012859000	1.049845740000
0.000000000000	0.000000000000	0.000000000000	1.000000000000
22	27	66
0.999128449000	-0.028835238800	-0.030148653200	-1.635602530000
0.030728332900	0.997454102000	0.064348044700	-0.221315302000
0.028216678100	-0.065218960600	0.997473869000	1.021349030000
0.000000000000	0.000000000000	0.000000000000	1.000000000000
22	32	66
0.979487688000	0.140577435000	-0.144363425000	-1.470585300000
-0.099324322600	0.960185673000	0.261110481000	-0.127267654000
0.175321782000	-0.241415240000	0.954454233000	0.774145193000
0.000000000000	0.000000000000	0.000000000000	1.000000000000
22	35	66
0.121546887000	-0.412696694000	0.902722898000	-1.389930270000
0.314278665000	0.878676105000	0.359385860000	-0.149794700000
-0.941518642000	0.240024307000	0.236503071000	0.798754315000
0.000000000000	0.000000000000	0.000000000000	1.000000000000
22	48	66
-0.916216044000	-0.194478830000	0.350327091000	-1.170767720000
0.199245338000	0.537423717000	0.819435586000	-0.567136985000
-0.347637051000	0.820581603000	-0.453648133000	2.298238110000
0.000000000000	0.000000000000	0.000000000000	1.000000000000
22	64	66
0.673305640000	0.321821788000	-0.665648861000	3.401767180000
-0.194139712000	0.945663599000	0.260828338000	-0.676009866000
0.713421519000	-0.046388959000	0.699200390000	1.665985700000
0.000000000000	0.000000000000	0.000000000000	1.000000000000
23	26	66
0.997721116000	-0.067369286900	0.003639683890	-1.212192800000
0.066564273500	0.991728637000	0.109740880000	0.006271067280
-0.011002870400	-0.109248619000	0.993954968000	1.086503020000
0.000000000000	0.000000000000	0.000000000000	1.000000000000
23	28	66
0.943296441000	0.155676593000	-0.293180554000	-1.104213900000
0.011631331800	0.867164757000	0.497887050000	0.028371206500
0.331746301000	-0.473066819000	0.816182072000	0.860311854000
0.000000000000	0.000000000000	0.000000000000	1.000000000000
23	31	66
0.683018190000	0.392456281000	-0.616007059000	-0.877461612000
0.030130313200	0.827523439000	0.560623322000	0.033361481400
0.729780969000	-0.401477069000	0.553388973000	0.681283514000
0.000000000000	0.000000000000	0.000000000000	1.000000000000
23	34	66
0.441981380000	-0.371818339000	0.816336013000	-0.938925584000
0.005626575790	0.911180134000	0.411970182000	0.033248914400
-0.897006344000	-0.177489727000	0.404816875000	1.072065820000
0.000000000000	0.000000000000	0.000000000000	1.000000000000
23	64	66
0.711630325000	0.289558031000	-0.640107058000	3.837585100000
0.028650773100	0.898396582000	0.438250787000	-0.156444789000
0.701970205000	-0.330213556000	0.631031256000	1.532254770000
0.000000000000	0.000000000000	0.000000000000	1.000000000000
24	28	66
0.965768083000	0.082123874400	-0.246064348000	-0.765826220000
-0.023990811100	0.972776237000	0.230505405000	-0.151256132000
0.258295442000	-0.216711258000	0.941445015000	0.535710009000
0.000000000000	0.000000000000	0.000000000000	1.000000000000
24	29	66
0.754431481000	0.362388788000	-0.547272398000	-0.595899539000
-0.196344129000	0.920194461000	0.338661459000	-0.102869966000
0.626323471000	-0.148042955000	0.765377608000	0.358522088000
0.000000000000	0.000000000000	0.000000000000	1.000000000000
24	31	66
0.737930786000	0.325306449000	-0.591300205000	-0.554644560000
-0.133658940000	0.929250402000	0.344427491000	-0.082461244400
0.661509542000	-0.175130968000	0.729202572000	0.350879547000
0.000000000000	0.000000000000	0.000000000000	1.000000000000
24	34	66
0.367565212000	-0.421134538000	0.829182707000	-0.584315787000
0.283624619000	0.899881328000	0.331316256000	-0.195755803000
-0.885692902000	0.113397542000	0.450208779000	0.728731890000
0.000000000000	0.000000000000	0.000000000000	1.000000000000
24	65	66
0.821216783000	0.116226213000	-0.558655004000	3.474838820000
-0.050876205800	0.990051784000	0.131187054000	-0.261427208000
0.568343988000	-0.079310657400	0.818961627000	1.004265670000
0.000000000000	0.000000000000	0.000000000000	1.000000000000
25	29	66
0.740276350000	0.404590282000	-0.536934244000	-0.074974480300
-0.262042080000	0.909126101000	0.323765449000	0.020414567600
0.619131792000	-0.098976318000	0.779024888000	-0.033278801400
0.000000000000	0.000000000000	0.000000000000	1.000000000000
25	31	66
0.726367485000	0.368150243000	-0.580395491000	-0.032786800900
