0	7	60
0.975515242000	-0.143051836000	0.166798795000	0.833799395000
0.153220481000	0.986899255000	-0.049725451000	0.172211311000
-0.157511699000	0.074069295400	0.984694246000	0.090396368300
0.000000000000	0.000000000000	0.000000000000	1.000000000000
0	8	60
0.952511337000	-0.120029320000	0.279672524000	1.164014040000
0.095339698700	0.990331816000	0.100301949000	0.212540322000
-0.289029392000	-0.068880317600	0.954791758000	0.012677418800
0.000000000000	0.000000000000	0.000000000000	1.000000000000
0	9	60
0.962881547000	0.029288171600	0.268117617000	1.217059300000
-0.016248318800	0.998528149000	-0.050728415600	-0.082064356500
-0.269230847000	0.044493604000	0.961993477000	0.023534955700
0.000000000000	0.000000000000	0.000000000000	1.000000000000
0	16	60
0.598966766000	-0.561184654000	0.571045897000	-0.002924555220
0.474554159000	0.823234684000	0.311233345000	-0.604980994000
-0.644848828000	0.084584377000	0.759487078000	1.005681100000
0.000000000000	0.000000000000	0.000000000000	1.000000000000
0	17	60
0.318044652000	-0.487993137000	0.812691357000	0.015120066600
0.459855190000	0.829033170000	0.317819915000	-0.593389223000
-0.828953762000	0.272680306000	0.488140679000	0.892695205000
0.000000000000	0.000000000000	0.000000000000	1.000000000000
0	18	60
0.582000560000	-0.415143197000	0.699051939000	-0.011342550900
0.439336769000	0.883975402000	0.159168637000	-0.468705573000
-0.684121268000	0.214517298000	0.696951647000	0.649424777000
0.000000000000	0.000000000000	0.000000000000	1.000000000000
0	20	60
0.827445683000	-0.319960002000	0.461271607000	0.235538065000
0.293078105000	0.946970711000	0.131103437000	-0.164311964000
-0.478797560000	0.026709345600	0.877396513000	-0.427492717000
0.000000000000	0.000000000000	0.000000000000	1.000000000000
0	25	60
0.945366962000	-0.041534736900	-0.322952005000	2.407207450000
0.063624497400	0.996177745000	0.058128101600	-0.111290945000
0.319365309000	-0.075514184800	0.944478239000	0.242598206000
0.000000000000	0.000000000000	0.000000000000	1.000000000000
0	30	60
0.029531318000	0.328167877000	-0.943961897000	0.534764493000
-0.364786156000	0.882799994000	0.295449738000	-1.231869220000
0.930455962000	0.335695201000	0.145806576000	2.009121840000
0.000000000000	0.000000000000	0.000000000000	1.000000000000
0	31	60
-0.296677321000	0.484204372000	-0.822905605000	0.041031050300
-0.481886152000	0.668012111000	0.566733870000	-1.274584330000
0.824278020000	0.564818591000	0.035156931200	1.963710840000
0.000000000000	0.000000000000	0.000000000000	1.000000000000
0	32	60
-0.701430493000	0.529354241000	-0.476903451000	0.001097452180
-0.345986255000	0.331972707000	0.877309286000	-1.320908720000
0.622839420000	0.780566101000	-0.049710514100	1.907769290000
0.000000000000	0.000000000000	0.000000000000	1.000000000000
0	33	60
-0.978279984000	0.132303122000	-0.158391772000	-0.055256515100
-0.140537172000	0.134798493000	0.980630439000	-1.227603710000
0.151109799000	0.981842207000	-0.113298118000	1.724072300000
0.000000000000	0.000000000000	0.000000000000	1.000000000000
0	34	60
-0.972331262000	-0.157950114000	0.170923855000	0.189284017000
0.132162783000	0.229738351000	0.964004208000	-1.199333330000
-0.191588312000	0.960176666000	-0.202546566000	1.691977700000
0.000000000000	0.000000000000	0.000000000000	1.000000000000
0	36	60
0.131507605000	-0.655303839000	0.743543053000	0.186835957000
0.589208869000	0.654829650000	0.472868243000	-1.204362630000
-0.796940125000	0.376021119000	0.472299085000	1.542913970000
0.000000000000	0.000000000000	0.000000000000	1.000000000000
0	37	60
0.339157811000	-0.683610381000	0.645929486000	-0.234534509000
0.513540186000	0.709869551000	0.481586120000	-1.104671340000
-0.787913673000	0.168423192000	0.591918185000	1.183531130000
0.000000000000	0.000000000000	0.000000000000	1.000000000000
0	38	60
0.625604329000	-0.624490374000	0.467120786000	-0.424134771000
0.426635479000	0.775363256000	0.465131626000	-0.876379695000
-0.652794651000	-0.091729074700	0.751636119000	0.716952446000
0.000000000000	0.000000000000	0.000000000000	1.000000000000
0	41	60
0.954563310000	-0.115327635000	-0.274784817000	-0.422482649000
-0.015396205200	0.901755843000	-0.431960316000	-0.117210197000
0.297610892000	0.416572579000	0.859011300000	0.028012295800
0.000000000000	0.000000000000	0.000000000000	1.000000000000
0	42	60
0.979368480000	-0.101922715000	-0.174459877000	-0.476723352000
0.020840168100	0.909778482000	-0.414541898000	-0.347623166000
0.200972653000	0.402364202000	0.893143257000	0.475881173000
0.000000000000	0.000000000000	0.000000000000	1.000000000000
0	43	60
0.955645221000	-0.117223684000	-0.270152381000	-0.477504531000
-0.000265721740	0.916995755000	-0.398855176000	-0.570856987000
0.294486475000	0.381247388000	0.876302874000	0.864492548000
0.000000000000	0.000000000000	0.000000000000	1.000000000000
0	44	60
0.995304674000	-0.096227090800	0.008721667230	-0.601545033000
0.093615507200	0.937991509000	-0.333715340000	-0.760315331000
0.023923650600	0.332977692000	0.942618079000	1.176947680000
0.000000000000	0.000000000000	0.000000000000	1.000000000000
0	45	60
0.978720022000	-0.098526211500	0.179854858000	-0.545714426000
0.147828168000	0.946807177000	-0.285739949000	-0.891103030000
-0.142150051000	0.306261831000	0.941257422000	1.434205120000
0.000000000000	0.000000000000	0.000000000000	1.000000000000
0	46	60
0.903156258000	-0.157028502000	0.399476523000	-0.423498193000
0.260685235000	0.940022344000	-0.219847762000	-0.949402537000
-0.341020596000	0.302710484000	0.889963830000	1.587514550000
0.000000000000	0.000000000000	0.000000000000	1.000000000000
0	47	60
0.805170350000	-0.172389249000	0.567358130000	-0.241779794000
0.295167063000	0.946330613000	-0.131343328000	-1.025668600000
-0.514304711000	0.273235153000	0.812890292000	1.707703700000
0.000000000000	0.000000000000	0.000000000000	1.000000000000
0	48	60
0.661198770000	-0.252221298000	0.706466758000	-0.138172703000
0.370314428000	0.928732009000	-0.015010421100	-1.055609930000
-0.652383032000	0.271557241000	0.707532136000	1.846572620000
0.000000000000	0.000000000000	0.000000000000	1.000000000000
0	49	60
0.586966825000	-0.275469230000	0.761224436000	0.086375967100
0.391071445000	0.919765431000	0.031292431000	-1.070953290000
-0.708827770000	0.279345467000	0.647658931000	1.868531000000
0.000000000000	0.000000000000	0.000000000000	1.000000000000
0	50	60
0.615522011000	-0.341516819000	0.710180466000	0.128130048000
0.365710976000	0.922030520000	0.126423360000	-1.053151810000
-0.698050120000	0.181919563000	0.692494386000	1.976810030000
0.000000000000	0.000000000000	0.000000000000	1.000000000000
0	51	60
0.794241729000	-0.328538058000	0.510966468000	0.082614403500
0.318703890000	0.941382005000	0.109892766000	-1.011517440000
-0.517177061000	0.075573993200	0.852470743000	2.024682180000
0.000000000000	0.000000000000	0.000000000000	1.000000000000
0	52	60
0.764795067000	-0.300374404000	0.569811124000	0.073635803700
0.284234670000	0.951138881000	0.119891610000	-0.991152401000
-0.578050921000	0.070276313200	0.812890559000	1.997423020000
0.000000000000	0.000000000000	0.000000000000	1.000000000000
0	53	60
0.519952473000	-0.385496975000	0.762128595000	0.109399365000
0.378097721000	0.903957251000	0.199279111000	-1.027351200000
-0.765846561000	0.184563729000	0.615851039000	1.923679100000
0.000000000000	0.000000000000	0.000000000000	1.000000000000
0	59	60
0.135107182000	-0.621103900000	0.771807026000	-0.248022020000
0.408643233000	0.744546679000	0.527624864000	-0.653875343000
-0.902500779000	0.244142115000	0.354476161000	1.392282850000
0.000000000000	0.000000000000	0.000000000000	1.000000000000
1	6	60
0.931511782000	-0.213654770000	0.294237757000	0.549810781000
0.242048244000	0.968168446000	-0.063281672800	0.081618311400
-0.271365977000	0.130173652000	0.953606255000	0.160742761000
0.000000000000	0.000000000000	0.000000000000	1.000000000000
1	7	60
0.955801295000	-0.204775541000	0.210803243000	0.931492502000
0.220717208000	0.973757379000	-0.054850235200	0.274378171000
-0.194051790000	0.098958699200	0.975952729000	-0.058969227100
0.000000000000	0.000000000000	0.000000000000	1.000000000000
1	9	60
0.949735692000	-0.034970500300	0.310927730000	1.327594600000
0.052666058500	0.997376385000	-0.048697124200	0.047449717600
-0.308432261000	0.062629848500	0.949135040000	-0.146282482000
0.000000000000	0.000000000000	0.000000000000	1.000000000000
1	18	60
0.522522968000	-0.463347277000	0.715565559000	0.154726844000
0.488607591000	0.850542926000	0.193934047000	-0.430845635000
-0.698575948000	0.248333423000	0.670907842000	0.521430530000
0.000000000000	0.000000000000	0.000000000000	1.000000000000
1	19	60
0.760587663000	-0.427175106000	0.488650488000	0.253447894000
0.473714811000	0.879966241000	0.031898348900	-0.125362876000
-0.443688918000	0.207251392000	0.871755798000	0.155833036000
0.000000000000	0.000000000000	0.000000000000	1.000000000000
1	20	60
0.785484950000	-0.380484438000	0.487924029000	0.335634190000
0.355690977000	0.922881538000	0.147029113000	-0.092731107400
-0.506278539000	0.058066275600	0.860296051000	-0.558534881000
0.000000000000	0.000000000000	0.000000000000	1.000000000000
1	25	60
0.951635972000	-0.110445573000	-0.286263995000	2.525203010000
0.121376578000	0.992293695000	0.020665086000	0.094235495900
0.281831876000	-0.054422274500	0.957786605000	0.023592555900
0.000000000000	0.000000000000	0.000000000000	1.000000000000
1	30	60
0.092519939700	0.282839002000	-0.954504820000	0.806556499000
-0.377439851000	0.897061196000	0.229193367000	-1.178319590000
0.921239056000	0.339137770000	0.189779832000	1.842741000000
0.000000000000	0.000000000000	0.000000000000	1.000000000000
1	33	60
-0.959664341000	0.164091369000	-0.227498596000	0.206125651000
-0.208142282000	0.126976439000	0.969597681000	-1.208775010000
0.188014850000	0.978086321000	-0.087717449200	1.582056410000
0.000000000000	0.000000000000	0.000000000000	1.000000000000
1	36	60
0.058775006300	-0.680857556000	0.729770067000	0.438355261000
0.609876115000	0.603190828000	0.513605566000	-1.166382490000
-0.790052987000	0.414995382000	0.450758628000	1.391686500000
0.000000000000	0.000000000000	0.000000000000	1.000000000000
1	37	60
0.271171227000	-0.721408813000	0.636887054000	-0.003364032030
0.548123246000	0.659664107000	0.513782936000	-1.089122280000
-0.790948255000	0.209825885000	0.574395852000	1.051736380000
0.000000000000	0.000000000000	0.000000000000	1.000000000000
1	38	60
0.568144725000	-0.677692846000	0.466400995000	-0.227015059000
0.478330774000	0.733288168000	0.482750023000	-0.866282242000
-0.669300603000	-0.051197517100	0.740905079000	0.597768038000
0.000000000000	0.000000000000	0.000000000000	1.000000000000
1	39	60
0.620085955000	-0.564050370000	0.544885574000	-0.179684005000
0.384978003000	0.824117830000	0.414940888000	-0.658699589000
-0.683244008000	-0.047547030300	0.728304043000	0.260787192000
0.000000000000	0.000000000000	0.000000000000	1.000000000000
1	41	60
0.965118928000	-0.157165946000	-0.209413454000	-0.304415575000
0.043520654800	0.884966596000	-0.463615972000	-0.097331317800
0.258192356000	0.438337085000	0.860938979000	-0.075815701000
0.000000000000	0.000000000000	0.000000000000	1.000000000000
1	42	60
0.983405846000	-0.144927473000	-0.109118541000	-0.324501945000
0.082939129000	0.894103251000	-0.440098052000	-0.338282902000
0.161345876000	0.423753547000	0.891294480000	0.369336921000
0.000000000000	0.000000000000	0.000000000000	1.000000000000
1	43	60
0.965066148000	-0.161542976000	-0.206260460000	-0.294248205000
0.058739615200	0.900631791000	-0.430567540000	-0.567510505000
0.255320636000	0.403420310000	0.878666982000	0.753257055000
0.000000000000	0.000000000000	0.000000000000	1.000000000000
1	44	60
0.987068039000	-0.144020045000	0.070228518900	-0.392298408000
0.159555776000	0.923785667000	-0.348036934000	-0.770017547000
-0.014760671900	0.354752776000	0.934837973000	1.066765680000
0.000000000000	0.000000000000	0.000000000000	1.000000000000
1	45	60
0.959996009000	-0.148013630000	0.237608172000	-0.317219095000
0.215296204000	0.932871542000	-0.288708232000	-0.901045156000
-0.178940587000	0.328328400000	0.927449916000	1.318955700000
0.000000000000	0.000000000000	0.000000000000	1.000000000000
1	46	60
0.868874221000	-0.206036802000	0.450052433000	-0.185103069000
0.326143802000	0.922249619000	-0.207431095000	-0.953586087000
-0.372347983000	0.327028138000	0.868555007000	1.466009170000
0.000000000000	0.000000000000	0.000000000000	1.000000000000
1	59	60
0.069884636300	-0.658216716000	0.749393515000	-0.037881058300
0.431737505000	0.697178163000	0.572084421000	-0.643774183000
-0.899156629000	0.283599200000	0.332967485000	1.269571760000
0.000000000000	0.000000000000	0.000000000000	1.000000000000
2	5	60
0.816453683000	-0.247399602000	0.521681337000	0.434656143000
0.348701182000	0.931423073000	-0.104023968000	0.023022513600
-0.460188623000	0.266854259000	0.846755448000	-0.154679705000
0.000000000000	0.000000000000	0.000000000000	1.000000000000
2	10	60
0.957593421000	-0.099676215900	0.270139335000	0.971769298000
0.130229619000	0.986617890000	-0.097600821800	0.142300607000
-0.256815835000	0.128652109000	0.957810889000	-0.451813843000
0.000000000000	0.000000000000	0.000000000000	1.000000000000
2	15	60
0.706754490000	-0.534249912000	0.463568955000	0.510703856000
0.496526856000	0.841445861000	0.212715066000	-0.438574298000
-0.503769706000	0.079843954500	0.860045174000	0.564017315000
0.000000000000	0.000000000000	0.000000000000	1.000000000000
2	26	60
0.920369544000	0.055482274800	-0.386768273000	2.792696700000
-0.073097879600	0.996745968000	-0.030971709400	0.131127021000
0.383862186000	0.056788773700	0.921507949000	-0.402268447000
0.000000000000	0.000000000000	0.000000000000	1.000000000000
2	32	60
-0.461507880000	0.690928252000	-0.556160532000	0.874067603000
-0.432745388000	0.371868241000	0.821008815000	-1.129622210000
0.774216322000	0.619725315000	0.127397970000	1.339786640000
0.000000000000	0.000000000000	0.000000000000	1.000000000000
2	44	60
0.947960225000	-0.091618403400	0.304891727000	0.038735371300
0.200911109000	0.915065588000	-0.349670548000	-0.623379667000
-0.246973319000	0.392741115000	0.885871995000	0.832336447000
0.000000000000	0.000000000000	0.000000000000	1.000000000000
2	45	60
0.880325625000	-0.102155753000	0.463199557000	0.176921283000
0.256324769000	0.924114027000	-0.283332246000	-0.752459446000
-0.399125304000	0.368167754000	0.839734967000	1.057389800000
0.000000000000	0.000000000000	0.000000000000	1.000000000000
3	6	60
0.786729555000	-0.243052491000	0.567398800000	0.488905722000
0.237027225000	0.967684859000	0.085859846400	0.515847283000
-0.569951295000	0.066943680800	0.818937917000	-0.575529453000
0.000000000000	0.000000000000	0.000000000000	1.000000000000
3	7	60
0.834453786000	-0.244291454000	0.493919413000	0.771584069000
0.227985170000	0.969080435000	0.094124866300	0.689932992000
-0.501662825000	0.034065053200	0.864374177000	-0.923243488000
0.000000000000	0.000000000000	0.000000000000	1.000000000000
3	15	60
0.653847203000	-0.563691868000	0.504550507000	0.376085246000
0.441540682000	0.825866578000	0.350450560000	-0.073725576900
-0.614301879000	-0.006364701150	0.788953498000	0.351133497000
0.000000000000	0.000000000000	0.000000000000	1.000000000000
3	19	60
0.554326544000	-0.416339655000	0.720523242000	0.222101664000
0.434664333000	0.883132549000	0.175876174000	0.298812704000
-0.709633381000	0.215724577000	0.670591631000	-0.464124079000
0.000000000000	0.000000000000	0.000000000000	1.000000000000
3	25	60
0.979360617000	-0.201402449000	0.009339090240	2.327448150000
0.197888934000	0.969104262000	0.146651985000	0.586296624000
-0.038570084300	-0.141801716000	0.989023873000	-1.307679980000
0.000000000000	0.000000000000	0.000000000000	1.000000000000
3	31	60
0.067737878700	0.549214484000	-0.832737541000	0.863594318000
-0.399028223000	0.779925006000	0.481857682000	-0.575673625000
0.914275975000	0.299712283000	0.272020364000	1.226423020000
0.000000000000	0.000000000000	0.000000000000	1.000000000000
3	32	60
-0.395847289000	0.710253253000	-0.581846691000	0.813938007000
-0.331098552000	0.480578485000	0.811819069000	-0.632547522000
0.856367434000	0.514124456000	0.044940828000	1.192218680000
0.000000000000	0.000000000000	0.000000000000	1.000000000000
3	36	60
-0.227163012000	-0.573943782000	0.786496785000	0.847975039000
0.492007840000	0.629279921000	0.601279375000	-0.545978228000
-0.840205261000	0.523689895000	0.139447505000	0.776818756000
0.000000000000	0.000000000000	0.000000000000	1.000000000000
3	37	60
-0.020282460100	-0.677825824000	0.734669851000	0.320696433000
0.439163115000	0.654083087000	0.615548880000	-0.535735203000
-0.897958998000	0.335214765000	0.284446156000	0.580526517000
0.000000000000	0.000000000000	0.000000000000	1.000000000000
3	38	60
0.304015668000	-0.719419915000	0.624191630000	-0.044535389100
0.399281651000	0.691142361000	0.602057848000	-0.389323661000
-0.864716485000	0.066209448500	0.497444655000	0.192013315000
0.000000000000	0.000000000000	0.000000000000	1.000000000000
3	39	60
0.356868571000	-0.617514809000	0.700641597000	-0.115992918000
0.307007806000	0.785953330000	0.536279696000	-0.230555694000
-0.882021595000	0.023727359700	0.470138561000	-0.166565414000
0.000000000000	0.000000000000	0.000000000000	1.000000000000
3	46	60
0.690430084000	-0.173829663000	0.702175950000	0.259378761000
0.303231149000	0.950830621000	-0.062768226100	-0.349390762000
-0.656766789000	0.256267939000	0.709223425000	1.010112390000
0.000000000000	0.000000000000	0.000000000000	1.000000000000
3	59	60
-0.234486739000	-0.598877100000	0.765587154000	0.316332269000
0.300627671000	0.704252783000	0.642972785000	-0.065431475900
-0.924356854000	0.380968255000	0.014929843000	0.741088667000
0.000000000000	0.000000000000	0.000000000000	1.000000000000
4	8	60
0.992898013000	-0.008615655050	0.118471472000	1.377026710000
-0.012367501500	0.984427928000	0.175222648000	0.512793759000
-0.118141653000	-0.175452660000	0.977351395000	-0.315649715000
0.000000000000	0.000000000000	0.000000000000	1.000000000000
4	16	60
0.745249046000	-0.483923874000	0.458538720000	-0.018787040700
0.355522404000	0.870293306000	0.340624640000	-0.100887678000
-0.563958509000	-0.090841522100	0.820701187000	0.515849499000
0.000000000000	0.000000000000	0.000000000000	1.000000000000
4	17	60
0.500402751000	-0.444219598000	0.743017100000	0.019610917800
0.344709605000	0.889506810000	0.299626054000	-0.102502645000
-0.794105566000	0.106204643000	0.598300745000	0.407454896000
0.000000000000	0.000000000000	0.000000000000	1.000000000000
4	20	60
0.922598384000	-0.225363599000	0.312870437000	0.506440675000
0.174231304000	0.967475078000	0.183083106000	0.168959243000
-0.343967688000	-0.114417144000	0.931895355000	-0.882888592000
0.000000000000	0.000000000000	0.000000000000	1.000000000000
4	21	60
0.787048221000	-0.340138884000	0.514501374000	0.561700353000
0.219963452000	0.934084961000	0.281015204000	0.163829319000
-0.576211245000	-0.108018152000	0.810023977000	-0.760430802000
0.000000000000	0.000000000000	0.000000000000	1.000000000000
4	24	60
0.989747095000	-0.115531996000	0.082893816400	2.156200030000
0.102453459000	0.983644828000	0.147635668000	0.211694273000
-0.098584350400	-0.137651533000	0.985452977000	-0.354533324000
0.000000000000	0.000000000000	0.000000000000	1.000000000000
4	28	60
-0.054756069900	0.368218846000	-0.927972487000	1.373545400000
-0.218483727000	0.902463453000	0.370943591000	-0.516593747000
0.974187051000	0.223102528000	0.031042781500	1.601772980000
0.000000000000	0.000000000000	0.000000000000	1.000000000000
4	29	60
0.020743182700	0.336687389000	-0.941226018000	0.857315418000
-0.232147487000	0.917357846000	0.322989807000	-0.592154635000
0.972334722000	0.211846187000	0.097204773400	1.625046170000
0.000000000000	0.000000000000	0.000000000000	1.000000000000
4	35	60
-0.315539662000	-0.633073871000	0.706594834000	0.049337333000
0.572295741000	0.466913439000	0.673858545000	-0.655117194000
-0.756672175000	0.617163617000	0.214998524000	1.304298700000
0.000000000000	0.000000000000	0.000000000000	1.000000000000
4	36	60
0.324727558000	-0.643168782000	0.693194935000	0.015335108700
0.491348442000	0.740995824000	0.457304448000	-0.655094606000
-0.807930987000	0.192148106000	0.556718362000	1.128721040000
0.000000000000	0.000000000000	0.000000000000	1.000000000000
4	40	60
0.900804480000	-0.052465831500	-0.431118150000	-0.087097396900
-0.072340771100	0.960704566000	-0.268075042000	0.422302156000
0.428239399000	0.272666426000	0.861586072000	-0.854291421000
0.000000000000	0.000000000000	0.000000000000	1.000000000000
4	41	60
0.882403171000	-0.096808136900	-0.460481507000	-0.212736866000
-0.061846329000	0.946273601000	-0.317457711000	0.315867799000
0.466472124000	0.308603452000	0.828988451000	-0.560512431000
0.000000000000	0.000000000000	0.000000000000	1.000000000000
4	43	60
0.885488031000	-0.091051354400	-0.455692704000	-0.456070336000
-0.047255625800	0.957894579000	-0.283229864000	-0.043199440800
0.462292323000	0.272332192000	0.843887990000	0.288266608000
0.000000000000	0.000000000000	0.000000000000	1.000000000000
4	48	60
0.797324234000	-0.203193176000	0.568274430000	-0.341211562000
0.246365783000	0.969149463000	0.000871009182	-0.450014977000
-0.550950499000	0.139316171000	0.822825030000	1.354094350000
0.000000000000	0.000000000000	0.000000000000	1.000000000000
4	49	60
0.736391475000	-0.228204850000	0.636850990000	-0.126460620000
0.267134117000	0.962944455000	0.036171908400	-0.481137355000
-0.621545303000	0.143496096000	0.770111791000	1.417780480000
0.000000000000	0.000000000000	0.000000000000	1.000000000000
4	50	60
0.760022322000	-0.275828508000	0.588383863000	-0.102558362000
0.240791557000	0.960493180000	0.139237541000	-0.455707126000
-0.603588584000	0.035858075000	0.796467326000	1.529884560000
0.000000000000	0.000000000000	0.000000000000	1.000000000000
4	51	60
0.899220449000	-0.242785093000	0.363811709000	-0.151377953000
0.198367971000	0.967665680000	0.155463359000	-0.405812314000
-0.389828741000	-0.067628890100	0.918365107000	1.564873940000
0.000000000000	0.000000000000	0.000000000000	1.000000000000
4	52	60
0.877531516000	-0.213310045000	0.429318492000	-0.153457389000
0.160303742000	0.974513045000	0.156533536000	-0.387705603000
-0.451811427000	-0.068543981000	0.889430258000	1.534769150000
0.000000000000	0.000000000000	0.000000000000	1.000000000000
4	53	60
0.679324984000	-0.321159318000	0.659715795000	-0.109179146000
0.253818505000	0.946407586000	0.199361677000	-0.434089137000
-0.688455198000	0.032020678500	0.724506958000	1.472192010000
0.000000000000	0.000000000000	0.000000000000	1.000000000000
4	54	60
0.326232129000	-0.403971289000	0.854526479000	-0.009932322260
0.299971644000	0.901512000000	0.311660073000	-0.403061266000
-0.896358352000	0.154674339000	0.415340303000	1.358210480000
0.000000000000	0.000000000000	0.000000000000	1.000000000000
4	58	60
0.026310405400	-0.608371380000	0.793078876000	-0.443660161000
0.288195087000	0.764282508000	0.576718154000	-0.167541707000
-0.957117326000	0.213408596000	0.195484567000	1.007086050000
0.000000000000	0.000000000000	0.000000000000	1.000000000000
4	59	60
0.328846066000	-0.578006374000	0.746677404000	-0.330766703000
0.301163506000	0.813579030000	0.497157306000	-0.089673078300
-0.894963528000	0.061390003700	0.441689671000	0.854193818000
0.000000000000	0.000000000000	0.000000000000	1.000000000000
5	13	60
0.912005531000	0.112283735000	-0.394377054000	-0.334688976000
-0.050021878300	0.985009920000	0.164761467000	-0.083148074900
0.406994338000	-0.130548302000	0.903990444000	0.312286327000
0.000000000000	0.000000000000	0.000000000000	1.000000000000
5	14	60
0.960021416000	0.019840564300	-0.279007221000	-0.560131863000
0.045280888200	0.973238716000	0.225012269000	-0.166980160000
0.276027040000	-0.228673635000	0.933481167000	0.546657113000
0.000000000000	0.000000000000	0.000000000000	1.000000000000
5	21	60
0.846188659000	-0.196609026000	0.495143859000	0.332298209000
0.083375525200	0.966780370000	0.241379136000	-0.118502053000
-0.526183989000	-0.162992109000	0.834504778000	-0.574204684000
0.000000000000	0.000000000000	0.000000000000	1.000000000000
5	24	60
0.998586869000	0.034204774100	0.038472017200	1.887578840000
-0.040493547900	0.983307926000	0.176984377000	-0.275356099000
-0.031758521500	-0.178318845000	0.983356247000	-0.058454547600
0.000000000000	0.000000000000	0.000000000000	1.000000000000
5	27	60
-0.022735995500	0.477349851000	-0.878279521000	1.562964830000
-0.206643391000	0.857327819000	0.471256981000	-0.734773027000
0.978050903000	0.192241658000	0.079160987600	1.582885570000
0.000000000000	0.000000000000	0.000000000000	1.000000000000
5	28	60
-0.148621474000	0.476991240000	-0.866100144000	0.883643313000
-0.166584632000	0.851270547000	0.497353192000	-0.802812313000
0.974650024000	0.218239548000	-0.047055030000	1.860927560000
0.000000000000	0.000000000000	0.000000000000	1.000000000000
5	34	60
-0.844194568000	-0.305105403000	0.440325497000	-0.476026478000
0.297826660000	0.415839575000	0.859069357000	-0.741957488000
-0.445309231000	0.856566819000	-0.260224280000	1.441234090000
0.000000000000	0.000000000000	0.000000000000	1.000000000000
5	35	60
-0.181222149000	-0.599470961000	0.779373515000	-0.424571442000
0.577483399000	0.576545447000	0.577703783000	-0.768561849000
-0.795814382000	0.554903834000	0.241727543000	1.475407050000
0.000000000000	0.000000000000	0.000000000000	1.000000000000
5	40	60
0.851585620000	0.066468090600	-0.520054706000	-0.265822050000
-0.178369481000	0.969516667000	-0.168170247000	0.223382558000
0.493017977000	0.235969321000	0.837452725000	-0.722285133000
0.000000000000	0.000000000000	0.000000000000	1.000000000000
5	41	60
0.832400544000	0.018278383800	-0.553926513000	-0.424176685000
-0.163781552000	0.962952367000	-0.214348724000	0.148203247000
0.529481944000	0.269145407000	0.804532308000	-0.434722280000
0.000000000000	0.000000000000	0.000000000000	1.000000000000
5	42	60
0.885944349000	0.036023583700	-0.462445164000	-0.630143096000
-0.150301363000	0.965496291000	-0.212741050000	0.012876205500
0.438821690000	0.257983237000	0.860771359000	0.007880882860
0.000000000000	0.000000000000	0.000000000000	1.000000000000
5	43	60
0.837787339000	0.027978366100	-0.545320230000	-0.770797593000
-0.149955107000	0.972086961000	-0.180509298000	-0.136650966000
0.525044605000	0.233003010000	0.818579127000	0.406280370000
0.000000000000	0.000000000000	0.000000000000	1.000000000000
5	44	60
0.957716130000	0.063557071800	-0.280668903000	-1.002896200000
-0.113297979000	0.979815984000	-0.164735442000	-0.240751447000
0.264528321000	0.189572194000	0.945576099000	0.696470603000
0.000000000000	0.000000000000	0.000000000000	1.000000000000
5	45	60
0.991836439000	0.069417315300	-0.107046947000	-1.038649630000
-0.085551889100	0.984293688000	-0.154422541000	-0.335115074000
0.094639399300	0.162325321000	0.982197982000	0.972561377000
0.000000000000	0.000000000000	0.000000000000	1.000000000000
5	50	60
0.824230734000	-0.138735407000	0.548923761000	-0.561085509000
0.106560277000	0.990163082000	0.090254501800	-0.540439157000
-0.556084851000	-0.015894496700	0.830956786000	1.682892950000
0.000000000000	0.000000000000	0.000000000000	1.000000000000
5	51	60
0.941764210000	-0.098325540600	0.321441026000	-0.604523768000
0.054441872400	0.988207618000	0.142781522000	-0.482780753000
-0.331720634000	-0.116969555000	0.936066317000	1.712654840000
0.000000000000	0.000000000000	0.000000000000	1.000000000000
5	52	60
0.918994245000	-0.068181376900	0.388186630000	-0.602047890000
0.017128654200	0.990844594000	0.133486243000	-0.465874350000
-0.393772655000	-0.116027789000	0.911814044000	1.681889130000
0.000000000000	0.000000000000	0.000000000000	1.000000000000
5	53	60
0.751905239000	-0.185256500000	0.632596880000	-0.560797360000
0.127012977000	0.982364745000	0.136721442000	-0.520615708000
-0.646831438000	-0.022452603900	0.762245756000	1.624185360000
0.000000000000	0.000000000000	0.000000000000	1.000000000000
5	54	60
0.423239742000	-0.281420791000	0.861111565000	-0.450929745000
0.212812488000	0.954743844000	0.207422324000	-0.508626402000
-0.880599378000	0.095475577400	0.464034922000	1.516528510000
0.000000000000	0.000000000000	0.000000000000	1.000000000000
5	55	60
0.093120728000	-0.424935449000	0.900333088000	-0.546340147000
0.255801609000	0.884116342000	0.390821862000	-0.383246960000
-0.962168402000	0.193929945000	0.191070637000	1.377645090000
0.000000000000	0.000000000000	0.000000000000	1.000000000000
5	57	60
-0.104284601000	-0.511474503000	0.852837134000	-0.747399732000
0.258511943000	0.814090025000	0.519846184000	-0.272579449000
-0.960283289000	0.274706063000	0.047356140300	1.262962330000
0.000000000000	0.000000000000	0.000000000000	1.000000000000
5	58	60
0.129284651000	-0.506593320000	0.852312767000	-0.823070822000
0.240244095000	0.849923887000	0.468732591000	-0.230434002000
-0.961976245000	0.144176676000	0.231637103000	1.127940100000
0.000000000000	0.000000000000	0.000000000000	1.000000000000
5	59	60
0.425899495000	-0.459694302000	0.779138738000	-0.690548536000
0.213688311000	0.887926065000	0.407074704000	-0.175675898000
-0.879063964000	-0.006880773170	0.476472509000	0.980888331000
0.000000000000	0.000000000000	0.000000000000	1.000000000000
6	13	60
0.911438971000	0.042844721200	-0.409081159000	-0.672580126000
-0.005503786160	0.995693763000	0.092017352400	-0.282364616000
0.411289475000	-0.081624742200	0.907785072000	0.269932899000
0.000000000000	0.000000000000	0.000000000000	1.000000000000
6	14	60
0.953170629000	-0.048095060800	-0.298398697000	-0.892565794000
0.099255281700	0.982261341000	0.158732772000	-0.393274527000
0.285492723000	-0.180935317000	0.941081816000	0.498161445000
0.000000000000	0.000000000000	0.000000000000	1.000000000000
6	22	60
0.753773002000	-0.337255075000	0.563861714000	0.526753005000
0.220551888000	0.938248031000	0.266319423000	-0.231197409000
-0.618900554000	-0.076396018800	0.781638194000	-0.487896286000
0.000000000000	0.000000000000	0.000000000000	1.000000000000
6	27	60
-0.012409399900	0.414593453000	-0.909788907000	1.260771400000
-0.255449779000	0.878388360000	0.403720077000	-0.860120021000
0.966645079000	0.237458494000	0.095019774800	1.522343530000
0.000000000000	0.000000000000	0.000000000000	1.000000000000
6	34	60
-0.861172282000	-0.337598886000	0.379556360000	-0.771952233000
0.259053803000	0.350788244000	0.899703398000	-1.004073520000
-0.436976635000	0.873329145000	-0.214669097000	1.364375940000
0.000000000000	0.000000000000	0.000000000000	1.000000000000
6	42	60
0.892401205000	-0.033574481100	-0.450058199000	-0.972732511000
-0.108811409000	0.951821502000	-0.286771381000	-0.192594425000
0.437997944000	0.304885263000	0.845730689000	-0.031775828200
0.000000000000	0.000000000000	0.000000000000	1.000000000000
6	44	60
0.962149802000	-0.006819034250	-0.272515975000	-1.329661700000
-0.058337096600	0.971384430000	-0.230287266000	-0.505334345000
0.266281813000	0.237470824000	0.934205013000	0.640703842000
0.000000000000	0.000000000000	0.000000000000	1.000000000000
6	45	60
0.994977386000	-0.001169060480	-0.100224066000	-1.359875310000
-0.019956237300	0.977594994000	-0.209568638000	-0.615410480000
0.098216847200	0.210520899000	0.972658080000	0.911591413000
0.000000000000	0.000000000000	0.000000000000	1.000000000000
6	46	60
0.989409361000	-0.057439944500	0.133339188000	-1.289425080000
0.081661063500	0.979538814000	-0.183932793000	-0.675367162000
-0.120055907000	0.192879132000	0.973863085000	1.094031550000
0.000000000000	0.000000000000	0.000000000000	1.000000000000
6	47	60
0.942679379000	-0.064062358700	0.327478036000	-1.157411050000
0.112397360000	0.985001642000	-0.130839998000	-0.765591179000
-0.314200457000	0.160154159000	0.935760754000	1.260522860000
0.000000000000	0.000000000000	0.000000000000	1.000000000000
6	48	60
0.850777847000	-0.143053907000	0.505649921000	-1.096388260000
0.193847997000	0.979792000000	-0.048954521000	-0.796342065000
-0.488452482000	0.139675530000	0.861346785000	1.422536220000
0.000000000000	0.000000000000	0.000000000000	1.000000000000
6	50	60
0.817093059000	-0.208419251000	0.537448296000	-0.872142385000
0.191544545000	0.977508952000	0.087866772500	-0.821146628000
-0.543709906000	0.031154246100	0.838684170000	1.614864520000
0.000000000000	0.000000000000	0.000000000000	1.000000000000
6	51	60
0.937020566000	-0.167521881000	0.306350028000	-0.919686330000
0.136900809000	0.983366437000	0.119008349000	-0.768222811000
-0.321219806000	-0.069573892000	0.944419342000	1.647049180000
0.000000000000	0.000000000000	0.000000000000	1.000000000000
6	52	60
0.917226315000	-0.137644418000	0.373694031000	-0.918276473000
0.101163229000	0.988072566000	0.115642111000	-0.749695418000
-0.385190701000	-0.068266509400	0.920272844000	1.617161990000
0.000000000000	0.000000000000	0.000000000000	1.000000000000
6	55	60
0.079065916300	-0.487327044000	0.869546886000	-0.867202275000
0.308609612000	0.841386971000	0.443480004000	-0.648524797000
-0.947835322000	0.233305473000	0.216961827000	1.317742650000
0.000000000000	0.000000000000	0.000000000000	1.000000000000
6	56	60
-0.060914780400	-0.542080023000	0.838020385000	-1.005074020000
0.323417660000	0.783556694000	0.530353907000	-0.570333730000
-0.944225438000	0.303362572000	0.127625092000	1.268818920000
0.000000000000	0.000000000000	0.000000000000	1.000000000000
6	57	60
-0.118043298000	-0.569050779000	0.813676237000	-1.075080180000
0.297301040000	0.761556829000	0.575728080000	-0.546815345000
-0.947383159000	0.309895373000	0.079316390300	1.206986210000
0.000000000000	0.000000000000	0.000000000000	1.000000000000
6	58	60
0.116239514000	-0.566136904000	0.815950360000	-1.152942840000
0.295649517000	0.804004068000	0.515728521000	-0.503538151000
-0.948113354000	0.181304075000	0.260886114000	1.073576730000
0.000000000000	0.000000000000	0.000000000000	1.000000000000
7	12	60
0.971792325000	-0.014571060000	-0.235244632000	-0.800385075000
0.026180741800	0.998550825000	0.046303139100	-0.361906931000
0.234240701000	-0.051160624800	0.970792907000	0.480058945000
0.000000000000	0.000000000000	0.000000000000	1.000000000000
7	13	60
0.942150253000	0.020271996600	-0.334453648000	-1.093595490000
-0.000321826740	0.998181619000	0.059593645100	-0.389617166000
0.335073638000	-0.056044013600	0.940475702000	0.460291212000
0.000000000000	0.000000000000	0.000000000000	1.000000000000
7	14	60
0.971738645000	-0.078303159700	-0.222473940000	-1.292293200000
0.108596834000	0.985842673000	0.127360279000	-0.510726744000
0.209365685000	-0.147935154000	0.966527048000	0.702440693000
0.000000000000	0.000000000000	0.000000000000	1.000000000000
7	22	60
0.696759647000	-0.357158983000	0.621955483000	0.038411196400
0.251098917000	0.933744667000	0.254878531000	-0.295927886000
-0.671822197000	-0.021421624900	0.740301311000	-0.391257902000
0.000000000000	0.000000000000	0.000000000000	1.000000000000
7	23	60
0.773886158000	-0.328642091000	0.541252512000	0.569753588000
0.260869511000	0.944296377000	0.200347763000	-0.248527930000
-0.576979696000	-0.013853922300	0.816539165000	-0.408303822000
0.000000000000	0.000000000000	0.000000000000	1.000000000000
7	27	60
0.071150064600	0.418806053000	-0.905156474000	0.945078054000
-0.282128697000	0.878888462000	0.384427015000	-0.966530357000
0.956644016000	0.228058970000	0.180706798000	1.533243880000
0.000000000000	0.000000000000	0.000000000000	1.000000000000
7	34	60
-0.898172653000	-0.270138253000	0.346377904000	-1.091237770000
0.255352383000	0.320467408000	0.911995479000	-1.142844670000
-0.357445761000	0.907784258000	-0.218889119000	1.537886830000
0.000000000000	0.000000000000	0.000000000000	1.000000000000
7	46	60
0.974780492000	-0.056834303900	0.215852808000	-1.634313020000
0.102823870000	0.972669386000	-0.208211135000	-0.816241379000
-0.198129883000	0.225159719000	0.953986711000	1.320362330000
0.000000000000	0.000000000000	0.000000000000	1.000000000000
7	47	60
0.911765224000	-0.066210608700	0.405340284000	-1.487647910000
0.138038759000	0.978909672000	-0.150585555000	-0.908608189000
-0.386836276000	0.193257002000	0.901690955000	1.472828100000
0.000000000000	0.000000000000	0.000000000000	1.000000000000
7	48	60
0.804572276000	-0.146526965000	0.575476626000	-1.413031790000
0.222576230000	0.972836759000	-0.063472748400	-0.942695139000
-0.550566384000	0.179162412000	0.815357480000	1.628355180000
0.000000000000	0.000000000000	0.000000000000	1.000000000000
7	49	60
0.744223674000	-0.171808382000	0.645424528000	-1.199772770000
0.249501535000	0.967889708000	-0.030041546700	-0.988336229000
-0.619567181000	0.183399800000	0.763227778000	1.688200940000
0.000000000000	0.000000000000	0.000000000000	1.000000000000
7	50	60
0.766498208000	-0.220550636000	0.603141175000	-1.173365860000
0.221184520000	0.972357379000	0.074474154600	-0.968719252000
-0.602928949000	0.076326669000	0.794134760000	1.800911470000
0.000000000000	0.000000000000	0.000000000000	1.000000000000
7	51	60
0.905162429000	-0.188171733000	0.381056053000	-1.218931720000
0.162619789000	0.981722682000	0.098508582000	-0.917569447000
-0.392658456000	-0.027197034500	0.919265114000	1.838391500000
0.000000000000	0.000000000000	0.000000000000	1.000000000000
7	52	60
0.880741258000	-0.158365758000	0.446231575000	-1.220276710000
0.128302895000	0.986930979000	0.097027010900	-0.898204301000
-0.455803592000	-0.028201067200	0.889606631000	1.809036820000
0.000000000000	0.000000000000	0.000000000000	1.000000000000
7	56	60
-0.143446122000	-0.527598294000	0.837208772000	-1.338243630000
0.348116630000	0.764983053000	0.541723773000	-0.710926815000
-0.926349960000	0.369183696000	0.073964188600	1.474282410000
0.000000000000	0.000000000000	0.000000000000	1.000000000000
7	57	60
-0.200221943000	-0.553590196000	0.808261692000	-1.413459840000
0.321067077000	0.742327202000	0.587962048000	-0.686986884000
-0.925580296000	0.377261016000	0.029138557500	1.419084850000
0.000000000000	0.000000000000	0.000000000000	1.000000000000
8	10	60
0.948868617000	0.050964396900	-0.311486246000	-0.502466423000
-0.099542812300	0.984819593000	-0.142103228000	-0.324182423000
0.299525649000	0.165850819000	0.939546160000	0.009976512450
0.000000000000	0.000000000000	0.000000000000	1.000000000000
8	11	60
0.959828912000	-0.132051405000	-0.247488339000	-0.798223566000
0.105047298000	0.987257187000	-0.119361059000	-0.358531708000
0.260106548000	0.088570971800	0.961484423000	0.116315191000
0.000000000000	0.000000000000	0.000000000000	1.000000000000
8	15	60
0.950383364000	-0.308681206000	-0.037227342200	-1.542958850000
0.310912950000	0.943606213000	0.113288732000	-0.765838690000
0.000156968733	-0.119255958000	0.992809580000	0.561628075000
0.000000000000	0.000000000000	0.000000000000	1.000000000000
8	26	60
0.533734615000	0.218667930000	-0.816762482000	0.960946769000
-0.278326944000	0.957529264000	0.074450479600	-0.756514478000
0.798446000000	0.187620909000	0.571958933000	1.005032000000
0.000000000000	0.000000000000	0.000000000000	1.000000000000
8	34	60
-0.858265807000	-0.406095270000	0.313288629000	-1.548556010000
0.260809910000	0.180356596000	0.948207026000	-1.397026470000
-0.441654092000	0.895720149000	-0.048894580500	1.189258750000
0.000000000000	0.000000000000	0.000000000000	1.000000000000
8	38	60
0.825322898000	-0.494444753000	0.272073107000	-1.820276940000
0.392421548000	0.849217962000	0.352829281000	-0.936368890000
-0.405556449000	-0.184483932000	0.895039394000	0.119045963000
0.000000000000	0.000000000000	0.000000000000	1.000000000000
8	48	60
0.853740957000	-0.230203179000	0.467040366000	-1.891473460000
0.332338899000	0.931407140000	-0.148406598000	-1.226021910000
-0.400857245000	0.281922601000	0.871706556000	1.259704000000
0.000000000000	0.000000000000	0.000000000000	1.000000000000
8	49	60
0.801321842000	-0.255455399000	0.540924069000	-1.685377680000
0.365695848000	0.924780551000	-0.104995784000	-1.269684990000
-0.473436176000	0.281957320000	0.834495832000	1.341940360000
0.000000000000	0.000000000000	0.000000000000	1.000000000000
8	50	60
0.822990166000	-0.289995777000	0.488410757000	-1.675203060000
0.336408176000	0.941663218000	-0.007737257220	-1.264524770000
-0.457701763000	0.170680486000	0.872574044000	1.458798530000
0.000000000000	0.000000000000	0.000000000000	1.000000000000
8	52	60
0.922733651000	-0.215757507000	0.319271288000	-1.727160830000
