0	2	38
0.996946231000	-0.019570181900	-0.075589841400	-0.095817690400
0.026283052000	0.995698657000	0.088856477700	0.080418857600
0.073525232200	-0.090571688200	0.993173500000	1.341256520000
0.000000000000	0.000000000000	0.000000000000	1.000000000000
0	6	38
0.519691840000	0.125593738000	-0.845070222000	1.149590460000
0.048207401300	0.983249840000	0.175775830000	0.029224642400
0.852992382000	-0.132087058000	0.504933954000	3.198937190000
0.000000000000	0.000000000000	0.000000000000	1.000000000000
0	7	38
0.220710514000	0.056682327600	-0.973690389000	1.556456220000
0.071009047400	0.994727100000	0.074003871600	-0.037995660900
0.972751335000	-0.085472481000	0.215523482000	3.286677370000
0.000000000000	0.000000000000	0.000000000000	1.000000000000
0	11	38
-0.596122016000	0.159558973000	-0.786879560000	1.375078480000
0.116952871000	0.986857033000	0.111508988000	-0.000126804152
0.794331718000	-0.025554374700	-0.606949188000	3.308136500000
0.000000000000	0.000000000000	0.000000000000	1.000000000000
0	24	38
0.861977209000	-0.130708338000	0.489804663000	0.052763822600
0.002686385430	0.967352566000	0.253418153000	-0.003558432930
-0.506939728000	-0.217123816000	0.834188937000	-0.151604650000
0.000000000000	0.000000000000	0.000000000000	1.000000000000
0	26	38
0.998627197000	0.022677394100	-0.047198282700	1.069849370000
-0.010284866900	0.968749637000	0.247822248000	-0.014263247400
0.051343090700	-0.246995132000	0.967656567000	0.210630866000
0.000000000000	0.000000000000	0.000000000000	1.000000000000
1	5	38
0.814718889000	0.052602775800	-0.577465624000	0.950337820000
0.044335633200	0.987310559000	0.152487595000	-0.107001647000
0.578159185000	-0.149835670000	0.802046786000	2.659989350000
0.000000000000	0.000000000000	0.000000000000	1.000000000000
1	7	38
0.262531317000	0.044533909600	-0.963895061000	1.765367070000
0.023644191300	0.998337486000	0.052565603100	-0.196117084000
0.964632254000	-0.036589931000	0.261043080000	2.734406030000
0.000000000000	0.000000000000	0.000000000000	1.000000000000
1	26	38
0.999969385000	0.003701139700	-0.006817427600	1.144220470000
-0.002279249970	0.980272182000	0.197630557000	-0.020698862000
0.007414273690	-0.197608436000	0.980252219000	-0.312360120000
0.000000000000	0.000000000000	0.000000000000	1.000000000000
2	6	38
0.582089403000	0.141341197000	-0.800745305000	1.376848380000
-0.039427607200	0.988523957000	0.145825033000	-0.243600352000
0.812167359000	-0.053310844900	0.580982636000	1.746305440000
0.000000000000	0.000000000000	0.000000000000	1.000000000000
2	7	38
0.293425314000	0.076369148600	-0.952926827000	1.787156660000
-0.021719673000	0.997078488000	0.073220588400	-0.326440684000
0.955734304000	-0.000785822802	0.294227908000	1.796718760000
0.000000000000	0.000000000000	0.000000000000	1.000000000000
2	9	38
-0.229498881000	0.085194930200	-0.969573257000	2.455308470000
0.007182179590	0.996282865000	0.085842581000	-0.330824649000
0.973283326000	0.012737434600	-0.229257016000	1.770838140000
0.000000000000	0.000000000000	0.000000000000	1.000000000000
2	28	38
0.968234089000	0.072580940400	-0.239279386000	1.470634750000
-0.039191157800	0.989165603000	0.141455804000	-0.123450979000
0.246953948000	-0.127583195000	0.960591549000	-0.403159300000
0.000000000000	0.000000000000	0.000000000000	1.000000000000
2	30	38
0.969696953000	-0.028225472800	0.242674637000	1.696994950000
0.030557953200	0.999514051000	-0.005849604120	-0.214081404000
-0.242393421000	0.013089369500	0.970089653000	-0.048568424400
0.000000000000	0.000000000000	0.000000000000	1.000000000000
3	5	38
0.849607756000	0.094295586900	-0.518918458000	0.748300316000
-0.034008950500	0.991633188000	0.124515030000	-0.195723539000
0.526317982000	-0.088139940400	0.845705781000	0.987769024000
0.000000000000	0.000000000000	0.000000000000	1.000000000000
3	6	38
0.605500476000	0.156918334000	-0.780220708000	1.150527060000
-0.073089273100	0.987188807000	0.141822146000	-0.237203398000
0.792479617000	-0.028847640800	0.609213771000	0.968328905000
0.000000000000	0.000000000000	0.000000000000	1.000000000000
3	7	38
0.321643105000	0.093716497700	-0.942211829000	1.560657470000
-0.054854832600	0.995261093000	0.080268381500	-0.328289793000
0.945268885000	0.025867938000	0.325261879000	1.003729760000
0.000000000000	0.000000000000	0.000000000000	1.000000000000
3	8	38
0.160516935000	0.038139157400	-0.986294320000	1.869075070000
-0.062959266200	0.997612028000	0.028331061900	-0.331726846000
0.985022220000	0.057549004200	0.162536483000	0.902329279000
0.000000000000	0.000000000000	0.000000000000	1.000000000000
3	30	38
0.962345249000	-0.010354449200	0.271632610000	1.416955700000
0.021638385300	0.999018561000	-0.038577411500	-0.159892330000
-0.270969524000	0.043003037500	0.961626253000	-0.833884583000
0.000000000000	0.000000000000	0.000000000000	1.000000000000
4	7	38
0.509008691000	0.099115171600	-0.855036671000	1.170012720000
-0.112008308000	0.992527997000	0.048375204700	-0.248322308000
0.853441563000	0.071148443300	0.516309813000	0.232881529000
0.000000000000	0.000000000000	0.000000000000	1.000000000000
4	8	38
0.359481734000	0.051244036100	-0.931743224000	1.450984900000
-0.124496834000	0.992197233000	0.006537152970	-0.241695413000
0.924809894000	0.113649166000	0.363058294000	0.070320018200
0.000000000000	0.000000000000	0.000000000000	1.000000000000
5	9	38
0.346351040000	0.074219622100	-0.935163378000	1.245747230000
-0.122871308000	0.991867480000	0.033214028900	-0.003852787620
0.930025324000	0.103399877000	0.352653693000	-0.811717338000
0.000000000000	0.000000000000	0.000000000000	1.000000000000
6	9	38
0.656597812000	0.020654209300	-0.753959266000	0.651125088000
-0.077225439700	0.996212929000	-0.039961155200	0.064899736500
0.750278983000	0.084463303700	0.655705873000	-0.862039495000
0.000000000000	0.000000000000	0.000000000000	1.000000000000
6	10	38
0.526127400000	0.036122468400	-0.849639127000	0.823522412000
-0.087828243600	0.996062824000	-0.012040196900	0.051963153600
0.845858551000	0.080957079000	0.527227634000	-0.738971602000
0.000000000000	0.000000000000	0.000000000000	1.000000000000
8	9	38
0.934006176000	-0.007553989070	-0.357179059000	0.112391548000
0.030974711600	0.997724793000	0.059898237000	0.005607376550
0.355914203000	-0.067008748600	0.932115086000	-0.344946682000
0.000000000000	0.000000000000	0.000000000000	1.000000000000
8	10	38
0.864103925000	0.004471499660	-0.503293814000	0.322701845000
0.035066489300	0.996996455000	0.069060993800	0.010149051300
0.502090033000	-0.077325746900	0.861352309000	-0.316968194000
0.000000000000	0.000000000000	0.000000000000	1.000000000000
9	11	38
0.944485242000	0.013927757900	-0.328256286000	0.257112772000
0.021323495000	0.994394478000	0.103546249000	-0.027757763300
0.327858877000	-0.104798153000	0.938896935000	0.809666435000
0.000000000000	0.000000000000	0.000000000000	1.000000000000
9	27	38
0.090373993900	-0.167252611000	0.981762641000	-2.304867320000
0.047757025700	0.985388888000	0.163475617000	0.129878864000
-0.994761298000	0.032111507900	0.097039687100	1.624465980000
0.000000000000	0.000000000000	0.000000000000	1.000000000000
9	28	38
0.017866470600	-0.133727732000	0.990856239000	-1.888442000000
0.046589329200	0.990047257000	0.132779595000	0.095022460800
-0.998754084000	0.043788781500	0.023918911200	1.470919780000
0.000000000000	0.000000000000	0.000000000000	1.000000000000
10	27	38
-0.071681142300	-0.164980870000	0.983688974000	-2.208908800000
0.062312751900	0.983556869000	0.169499590000	0.086521023300
-0.995478838000	0.073447164500	-0.060222302300	2.058314700000
0.000000000000	0.000000000000	0.000000000000	1.000000000000
10	28	38
-0.143874989000	-0.130034980000	0.981015768000	-1.822564650000
0.060654501600	0.988304355000	0.139896255000	0.056949706000
-0.987735621000	0.079629898300	-0.134304005000	1.839076260000
0.000000000000	0.000000000000	0.000000000000	1.000000000000
13	16	38
0.900450288000	-0.006787986960	-0.434905482000	0.172282022000
0.055341010300	0.993540770000	0.099073601400	-0.042362808300
0.431424265000	-0.113280236000	0.895008869000	0.817518128000
0.000000000000	0.000000000000	0.000000000000	1.000000000000
13	17	38
0.769412119000	0.069864736900	-0.634920409000	0.116689970000
-0.032191287700	0.996980113000	0.070691832200	-0.071479768200
0.637941411000	-0.033952253300	0.769334853000	1.342425390000
0.000000000000	0.000000000000	0.000000000000	1.000000000000
13	18	38
0.603170563000	0.126098036000	-0.787582081000	-0.058873191000
-0.020552794600	0.989553375000	0.142693752000	-0.097519596300
0.797348122000	-0.069881515700	0.599460017000	1.919965510000
0.000000000000	0.000000000000	0.000000000000	1.000000000000
14	18	38
0.820728887000	0.138669522000	-0.554234096000	0.251723289000
-0.077836265200	0.988191029000	0.131981621000	-0.133464978000
0.565991163000	-0.065181469000	0.821830044000	1.294450400000
0.000000000000	0.000000000000	0.000000000000	1.000000000000
15	18	38
0.871037140000	0.103339033000	-0.480226057000	0.217027540000
-0.067824074000	0.993557699000	0.090781159900	-0.130929890000
0.486513321000	-0.046502637200	0.872435480000	1.150704340000
0.000000000000	0.000000000000	0.000000000000	1.000000000000
17	20	38
0.521997795000	0.082443470200	-0.848954672000	0.433228935000
-0.032353354800	0.996514068000	0.076882037900	-0.134886988000
0.852333524000	-0.012665849200	0.522845548000	1.278222790000
0.000000000000	0.000000000000	0.000000000000	1.000000000000
19	21	38
0.722288673000	0.127891467000	-0.679662841000	0.464172358000
-0.086888807100	0.991746121000	0.094277586400	-0.079481237100
0.686110681000	-0.009039126980	0.727440830000	-0.116174227000
0.000000000000	0.000000000000	0.000000000000	1.000000000000
20	22	38
0.735131857000	0.105863054000	-0.669606466000	0.213627111000
-0.049705663600	0.993489923000	0.102497958000	0.053084747600
0.676098703000	-0.042067575300	0.735608813000	-0.373958600000
0.000000000000	0.000000000000	0.000000000000	1.000000000000
21	23	38
0.894209699000	0.125200067000	-0.429786880000	0.017996690200
-0.071106388700	0.987628006000	0.139762206000	0.109338259000
0.441967685000	-0.094415709200	0.892049159000	-0.097771863600
0.000000000000	0.000000000000	0.000000000000	1.000000000000
21	24	38
0.736013185000	0.178802635000	-0.652929408000	0.094337471800
-0.069453080600	0.979342979000	0.189900144000	0.018631550400
0.673395599000	-0.094421504400	0.733227316000	0.483354290000
0.000000000000	0.000000000000	0.000000000000	1.000000000000
21	25	38
0.588958187000	0.221060653000	-0.777343568000	0.161931421000
-0.090115512900	0.973826798000	0.208661704000	-0.060596982300
0.803123514000	-0.052842590300	0.593465000000	0.996887964000
0.000000000000	0.000000000000	0.000000000000	1.000000000000
22	25	38
0.831062684000	0.153594677000	-0.534551036000	0.490177831000
-0.072623145100	0.982850423000	0.169499311000	-0.127101230000
0.551416212000	-0.102043177000	0.827966220000	0.984775031000
0.000000000000	0.000000000000	0.000000000000	1.000000000000
22	26	38
0.560758179000	0.215766663000	-0.799372489000	0.571895677000
-0.104842305000	0.976179558000	0.189942828000	-0.172313223000
0.821314167000	-0.022702848300	0.570024402000	1.549443960000
0.000000000000	0.000000000000	0.000000000000	1.000000000000
23	26	38
0.649911770000	0.175678039000	-0.739425862000	0.768608235000
-0.165451352000	0.982286897000	0.087956481100	-0.355080154000
0.741780855000	0.065175060400	0.667467616000	1.435346190000
0.000000000000	0.000000000000	0.000000000000	1.000000000000
23	27	38
0.352583093000	0.211712037000	-0.911516246000	0.692480123000
-0.184274591000	0.970706215000	0.154181133000	-0.489268237000
0.917455838000	0.113606612000	0.381270250000	1.925259700000
0.000000000000	0.000000000000	0.000000000000	1.000000000000
24	26	38
0.834739728000	0.147361855000	-0.530559817000	0.693046127000
-0.151626300000	0.987788412000	0.035798610900	-0.221947725000
0.529357464000	0.050565087400	0.846891414000	0.797634642000
0.000000000000	0.000000000000	0.000000000000	1.000000000000
24	27	38
0.598099733000	0.195746039000	-0.777147908000	0.759843466000
-0.189099109000	0.976801039000	0.100502244000	-0.371487920000
0.778792190000	0.086847758200	0.621241876000	1.284454180000
0.000000000000	0.000000000000	0.000000000000	1.000000000000
24	33	38
0.687481618000	-0.122790593000	0.715744704000	-0.756087059000
0.229291246000	0.971884943000	-0.053504023700	-0.742554039000
-0.689053068000	0.200897623000	0.696309408000	2.767715620000
0.000000000000	0.000000000000	0.000000000000	1.000000000000
24	34	38
0.492579434000	-0.050674574100	0.868790568000	-1.153479820000
0.278930607000	0.954829167000	-0.102451732000	-0.749883118000
-0.824355140000	0.292799519000	0.484463113000	2.908230830000
0.000000000000	0.000000000000	0.000000000000	1.000000000000
24	35	38
0.494748620000	0.060825821500	0.866904599000	-1.170300150000
0.272533670000	0.936364475000	-0.221235276000	-0.719324571000
-0.825197829000	0.345717463000	0.446687445000	2.872192750000
0.000000000000	0.000000000000	0.000000000000	1.000000000000
24	36	38
0.604182762000	0.085681294800	0.792225820000	-1.159813840000
0.251431740000	0.922912609000	-0.291566204000	-0.746477378000
-0.756137877000	0.375351175000	0.536065202000	2.819012760000
0.000000000000	0.000000000000	0.000000000000	1.000000000000
24	37	38
0.543823595000	-0.041907100800	0.838151728000	-1.182471010000
0.199846743000	0.976484496000	-0.080843743800	-0.726130081000
-0.815055919000	0.211467649000	0.539411943000	2.859989790000
0.000000000000	0.000000000000	0.000000000000	1.000000000000
25	27	38
0.743386472000	0.150784878000	-0.651643337000	0.547991383000
-0.151747336000	0.986873857000	0.055243093400	-0.233908596000
0.651419343000	0.057817624000	0.756511729000	0.880506530000
0.000000000000	0.000000000000	0.000000000000	1.000000000000
25	30	38
0.986200182000	-0.026622456300	-0.163407574000	0.485024664000
-0.001613201930	0.985393473000	-0.170282813000	-0.507811271000
0.165552550000	0.168196243000	0.971751331000	1.685125810000
0.000000000000	0.000000000000	0.000000000000	1.000000000000
25	31	38
0.989629064000	-0.050844038400	0.134346490000	0.327331125000
0.073024375600	0.983465125000	-0.165714411000	-0.654604787000
-0.123701454000	0.173805241000	0.976979092000	2.319959410000
0.000000000000	0.000000000000	0.000000000000	1.000000000000
25	32	38
0.745036697000	-0.097381245000	0.659878007000	-0.058905718500
0.206745594000	0.974278571000	-0.089647401000	-0.696130402000
-0.634176209000	0.203217280000	0.746005509000	2.614538970000
0.000000000000	0.000000000000	0.000000000000	1.000000000000
25	33	38
0.531640438000	-0.139918822000	0.835332572000	-0.638974063000
0.268506720000	0.963229026000	-0.009546881150	-0.691751982000
-0.803282091000	0.229367788000	0.549661110000	2.617541920000
0.000000000000	0.000000000000	0.000000000000	1.000000000000
25	34	38
0.312279366000	-0.050997135800	0.948620087000	-1.001904440000
0.306214404000	0.950663068000	-0.049695234500	-0.722447382000
-0.899284154000	0.306000626000	0.312486597000	2.829812190000
0.000000000000	0.000000000000	0.000000000000	1.000000000000
25	35	38
0.314624622000	0.069327834500	0.946680624000	-1.026940710000
0.299956284000	0.938961455000	-0.168450182000	-0.693010134000
-0.900577203000	0.336961282000	0.274624002000	2.797841530000
0.000000000000	0.000000000000	0.000000000000	1.000000000000
25	36	38
0.436100495000	0.100038567000	0.894320139000	-1.025018180000
0.285529016000	0.927066703000	-0.242933593000	-0.719589268000
-0.853398205000	0.361297845000	0.375729616000	2.743387920000
0.000000000000	0.000000000000	0.000000000000	1.000000000000
25	37	38
0.368916659000	-0.058899258900	0.927593869000	-1.040759480000
0.230336164000	0.972651301000	-0.029846594500	-0.700550105000
-0.900468877000	0.224669455000	0.372394370000	2.788066720000
0.000000000000	0.000000000000	0.000000000000	1.000000000000
28	29	38
0.976539009000	-0.004547195950	0.215292558000	0.157161873000
0.065038697200	0.959314977000	-0.274748636000	-0.093471687900
-0.205283563000	0.282304334000	0.937104514000	-0.040461493000
0.000000000000	0.000000000000	0.000000000000	1.000000000000
28	30	38
0.877836117000	-0.063270074200	0.474763370000	0.310289660000
0.131533426000	0.984972142000	-0.111941905000	-0.118460314000
-0.460546484000	0.160713528000	0.872965268000	0.273633548000
0.000000000000	0.000000000000	0.000000000000	1.000000000000
29	31	38
0.835143993000	-0.050052967500	0.547747817000	0.221311344000
-0.023200177200	0.991758187000	0.125998153000	0.122439506000
-0.549540502000	-0.117934785000	0.827100238000	0.987626367000
0.000000000000	0.000000000000	0.000000000000	1.000000000000
30	32	38
0.629430088000	-0.063966415300	0.774419965000	-0.382251302000
0.077224427600	0.996821679000	0.019569549700	-0.014763313200
-0.773211006000	0.047486862700	0.632370406000	1.024108680000
0.000000000000	0.000000000000	0.000000000000	1.000000000000
30	33	38
0.390883066000	-0.101569763000	0.914818124000	-0.953823948000
0.115321731000	0.991464431000	0.060804533300	0.005499482220
-0.913186772000	0.081731124900	0.399262167000	1.121067780000
0.000000000000	0.000000000000	0.000000000000	1.000000000000
30	34	38
0.158595022000	-0.001168128650	0.987341711000	-1.276553690000
0.142171526000	0.989604018000	-0.021665452200	0.020617896500
-0.977053132000	0.143808741000	0.157111908000	1.391873830000
0.000000000000	0.000000000000	0.000000000000	1.000000000000
30	35	38
0.160703943000	0.122640772000	0.979352391000	-1.306584820000
0.135724885000	0.980077365000	-0.145002636000	0.044914383300
-0.977627235000	0.156225625000	0.140857656000	1.359884670000
0.000000000000	0.000000000000	0.000000000000	1.000000000000
30	36	38
0.288337277000	0.156975880000	0.944573225000	-1.313660950000
0.126209616000	0.971632055000	-0.199998546000	0.009513355360
-0.949174064000	0.176881905000	0.260346558000	1.311181040000
0.000000000000	0.000000000000	0.000000000000	1.000000000000
30	37	38
0.214376997000	-0.022461401000	0.976491624000	-1.321818970000
0.065694406600	0.997801849000	0.008529355760	0.036208347600
-0.974538503000	0.062321988900	0.215383380000	1.353927970000
0.000000000000	0.000000000000	0.000000000000	1.000000000000
31	35	38
0.444666803000	0.095493380100	0.890590813000	-1.402145110000
0.122474118000	0.978479638000	-0.166067137000	0.114145690000
-0.887284000000	0.182920048000	0.423401813000	0.291301642000
0.000000000000	0.000000000000	0.000000000000	1.000000000000
